scale: DIST 1.000  ANGLE  25.000 
DB STEP 0 calculated STATE: 2.6464   1.0640   1.3353   1.0348   1.0811   2.2241   4.6988   4.1308   2.0574   1.3400   1.5905   1.2176   3.7894   2.5287  -72.3951 
  DB STEP 0 calculated   LABEL   -2.8958  -0.7854  6 
 DB STEP 1 calculated STATE: 1.7083   1.1448   1.1626   0.8106   0.8390   0.9604   5.0283   4.8974   3.2403   1.7561   1.5375   1.9553   3.6078   2.4665  -72.3439 
  DB STEP 1 calculated  LABEL   -2.8938  0.0000  0 
 DB STEP 2 calculated STATE: 1.0981   1.0739   0.6335   0.6190   0.6043   0.8119   5.8797   4.6598   3.3035   1.8901   1.5741   1.3996   3.4404   2.3962  -71.7803 
  DB STEP 2 calculated   LABEL   -2.8712  0.0000  0 
 DB STEP 3 calculated STATE: 1.0968   0.6032   0.4786   0.4940   0.4479   0.6459   2.5153   4.3936   3.7309   2.0990   1.4633   1.5096   3.3325   2.3439  -72.4463 
  DB STEP 3 calculated  LABEL   -2.8979  0.0000  0 
 DB STEP 4 calculated STATE: 0.5723   0.4682   0.7606   0.6333   2.3509   3.8619   4.0108   2.3588   1.5919   1.4340   1.4162   1.7536   3.2965   2.2916  -62.0456 
  DB STEP 4 calculated   LABEL   -2.4818  0.5236  2 
 DB STEP 5 calculated STATE: 0.4989   0.5514   0.4972   1.7621   3.2733   4.2919   2.6046   1.8557   1.3238   1.5087   1.2947   1.3803   3.2934   2.2752  -62.4555 
  DB STEP 5 calculated  LABEL   -2.4982  0.0000  0 
 DB STEP 6 calculated STATE: 0.8019   0.5168   1.8787   2.4046   3.8206   3.5771   2.1800   1.6376   1.1679   1.4243   1.3308   1.3682   3.2990   2.2135  -60.3548 
  DB STEP 6 calculated   LABEL   -2.4142  0.0000  0 
 DB STEP 7 calculated STATE: 1.1673   2.4514   2.3597   9.3004   3.9221   3.2414   1.7426   1.4326   0.9623   1.2707   1.3107   1.2315   3.3359   2.1400  -59.0226 
  DB STEP 7 calculated  LABEL   -2.3609  0.0000  0 
 DB STEP 8 calculated STATE: 2.5650   2.2889   4.1037   12.0369   3.7640   2.2421   1.5171   1.1445   0.8089   1.1957   1.1685   1.2258   3.3812   2.0903  -57.4343 
  DB STEP 8 calculated   LABEL   -2.2974  0.0000  0 
 DB STEP 9 calculated STATE: 2.3159   2.1311   13.1905   3.6337   2.9852   1.5479   3.4359   2.7487   0.6693   1.0208   1.0464   1.2789   3.4623   2.0334  -55.2824 
  DB STEP 9 calculated  LABEL   -2.2113  0.0000  0 
 DB STEP 10 calculated STATE: 2.2372   2.0564   15.4346   3.5472   2.8854   1.2909   1.4026   0.7350   0.5952   0.6649   0.9133   1.2117   3.5214   2.0027  -54.3602 
  DB STEP 10 calculated   LABEL   -2.1744  0.0000  0 
 DB STEP 11 calculated STATE: 3.2553   2.3346   2.1129   16.8176   3.6280   3.2524   1.6448   1.2520   0.9806   0.6056   0.5667   0.9289   3.5256   2.0005  -64.0949 
  DB STEP 11 calculated  LABEL   -2.5638  -0.2618  4 
 DB STEP 12 calculated STATE: 0.8329   4.2797   3.6649   2.4214   2.1731   15.5826   3.5223   3.4956   1.8264   1.3862   1.2511   0.6635   3.5256   2.0005  -78.1334 
  DB STEP 12 calculated   LABEL   -3.1253  -0.5236  5 
 DB STEP 13 calculated STATE: 0.9816   0.8214   0.9424   5.5581   3.4858   2.3512   2.0926   5.1771   3.5872   3.2766   4.2549   8.5742   3.5256   2.0005  64.9589 
  DB STEP 13 calculated  LABEL   2.5984  0.7854  3 
 DB STEP 14 calculated STATE: 2.1865   0.8459   0.7401   1.3804   8.1468   2.7487   2.1720   2.0171   6.4398   3.4788   2.4542   6.5573   3.4370   1.9837  64.1903 
  DB STEP 14 calculated   LABEL   2.5676  0.0000  0 
 DB STEP 15 calculated STATE: 9.3589   0.8470   0.7066   0.9665   5.4395   3.5255   2.2763   2.0885   5.7107   3.0641   3.4126   2.0057   3.3749   1.9707  64.8564 
  DB STEP 15 calculated  LABEL   2.5943  0.0000  0 
 DB STEP 16 calculated STATE: 1.2696   0.6366   0.6223   1.0515   6.1300   3.3263   2.1343   1.8719   1.7627   2.5050   3.3175   2.5051   3.2033   1.9339  63.9341 
  DB STEP 16 calculated   LABEL   2.5574  0.0000  0 
 DB STEP 17 calculated STATE: 0.6092   0.6227   1.0749   2.5161   9.0305   2.5632   1.8064   1.6841   1.5847   2.3233   3.2485   2.6566   3.0071   1.8821  65.7274 
  DB STEP 17 calculated  LABEL   2.6291  0.0000  0 
 DB STEP 18 calculated STATE: 0.7107   1.3002   1.1167   3.4918   3.8816   2.1096   1.6241   1.4912   1.4887   1.7867   3.1393   3.1677   2.8854   1.8397  66.5984 
  DB STEP 18 calculated   LABEL   2.6639  0.0000  0 
 DB STEP 19 calculated STATE: 1.2767   0.8977   1.5128   3.9558   5.4852   1.8431   1.4690   1.4025   1.3132   1.2318   3.0312   3.1710   2.7464   1.7845  66.7521 
  DB STEP 19 calculated  LABEL   2.6701  0.0000  0 
 DB STEP 20 calculated STATE: 0.7198   1.0180   1.0111   1.2738   2.6449   5.2886   2.3839   1.5555   1.3567   1.3524   1.2361   2.2994   2.7334   1.7790  57.9396 
  DB STEP 20 calculated   LABEL   2.3176  -0.2618  4 
 DB STEP 21 calculated STATE: 1.1967   0.6299   0.9712   1.0516   1.1724   2.3255   8.3774   2.6633   1.6019   1.3275   1.2524   1.2745   2.6958   1.7780  45.9505 
  DB STEP 21 calculated  LABEL   1.8380  -0.5236  5 
 DB STEP 22 calculated STATE: 0.6379   0.6213   1.1775   0.7802   1.1534   2.2517   7.1083   2.7579   1.5815   1.2958   1.3072   1.2369   2.6130   1.7756  46.5141 
  DB STEP 22 calculated   LABEL   1.8606  0.0000  0 
 DB STEP 23 calculated STATE: 0.6431   0.7971   1.2213   0.6323   1.0843   1.7801   4.0922   7.9378   1.6416   1.3403   1.2032   1.1592   2.4616   1.7694  46.6166 
  DB STEP 23 calculated  LABEL   1.8647  0.0000  0 
 DB STEP 24 calculated STATE: 0.8548   1.2139   0.7278   0.8645   0.9948   1.6802   3.9506   7.0511   1.7264   1.3040   1.1613   1.2237   2.2509   1.7618  46.3092 
  DB STEP 24 calculated   LABEL   1.8524  0.0000  0 
 DB STEP 25 calculated STATE: 0.9496   0.8748   0.9362   0.9009   1.5741   3.7434   7.7314   1.8365   1.3043   1.1726   1.1395   1.2890   2.1349   1.7567  49.3833 
  DB STEP 25 calculated  LABEL   1.9753  0.0000  0 
 DB STEP 26 calculated STATE: 0.6924   1.0237   0.7981   0.9319   1.7382   5.7419   2.9502   1.6559   1.2589   1.1477   1.1112   1.2026   2.0893   1.7471  55.2241 
  DB STEP 26 calculated   LABEL   2.2090  0.2618  1 
 DB STEP 27 calculated STATE: 0.6663   0.9057   0.7952   0.9301   1.7178   6.6583   4.7422   1.6986   1.2525   1.1271   1.0679   1.2517   2.0393   1.7348  55.2754 
  DB STEP 27 calculated  LABEL   2.2110  0.0000  0 
 DB STEP 28 calculated STATE: 1.0459   0.7245   0.7669   0.9444   1.6922   3.7593   6.6710   1.7491   1.2008   1.0628   1.0046   1.1641   1.9142   1.6994  55.5315 
  DB STEP 28 calculated   LABEL   2.2213  0.0000  0 
 DB STEP 29 calculated STATE: 0.8299   0.7041   0.6907   0.9401   1.6992   3.6423   4.5821   1.9019   1.0878   0.9851   0.9667   0.9408   1.7734   1.6540  55.2241 
  DB STEP 29 calculated  LABEL   2.2090  0.0000  0 
 DB STEP 30 calculated STATE: 0.7629   0.6367   0.7715   0.8960   1.9038   3.6353   4.5187   1.8342   1.0341   0.9658   0.9287   0.9311   1.7010   1.6271  55.4291 
  DB STEP 30 calculated   LABEL   2.2172  0.0000  0 
 DB STEP 31 calculated STATE: 0.6910   0.7906   0.7941   1.8826   2.4643   3.0697   2.3442   1.2408   0.7863   0.8185   0.7557   0.9080   1.4512   1.4888  58.5545 
  DB STEP 31 calculated  LABEL   2.3422  0.0000  0 
 DB STEP 32 calculated STATE: 0.7581   0.6816   1.4881   1.8188   2.5996   2.5931   2.1588   1.2552   0.6843   0.6280   0.6865   0.6924   1.3234   1.3690  58.4520 
  DB STEP 32 calculated   LABEL   2.3381  0.0000  0 
 DB STEP 33 calculated STATE: 0.6364   0.8623   1.4512   2.0581   2.8200   5.4009   2.0510   1.2352   0.6534   0.5654   0.6553   0.6691   1.2776   1.3131  59.1181 
  DB STEP 33 calculated  LABEL   2.3647  0.0000  0 
 DB STEP 34 calculated STATE: 0.6414   1.1480   1.5541   1.9637   2.7669   2.2786   1.9746   1.3027   0.6279   0.5422   0.5780   0.6485   1.1922   1.2370  51.5865 
  DB STEP 34 calculated   LABEL   2.0635  -0.2618  4 
 DB STEP 35 calculated STATE: 0.9351   1.3878   1.8210   1.7404   2.7304   2.2092   1.9011   1.2615   0.8236   0.4900   0.4568   0.4733   1.0777   1.1042  52.7649 
  DB STEP 35 calculated  LABEL   2.1106  0.0000  0 
 DB STEP 36 calculated STATE: 1.2142   1.3799   2.1367   1.5591   2.8614   1.5338   1.7002   1.1376   0.8624   0.7181   0.4316   0.3766   0.9605   0.8434  53.3798 
  DB STEP 36 calculated   LABEL   2.1352  0.0000  0 
 DB STEP 37 calculated STATE: 1.1582   1.3463   2.0814   1.4180   2.0367   2.3178   1.4533   1.3102   0.9243   0.7442   0.6437   0.6233   0.9259   0.6666  50.5106 
  DB STEP 37 calculated  LABEL   2.0204  0.0000  0 
 DB STEP 38 calculated STATE: 1.2803   1.1917   1.3491   2.0910   1.4181   2.1755   4.0622   1.5429   1.2629   0.8742   0.7155   0.6318   0.9261   0.6636  44.9259 
  DB STEP 38 calculated   LABEL   1.7970  -0.2618  4 
 DB STEP 39 calculated STATE: 1.0091   0.8112   1.2809   1.2770   1.4316   2.0539   1.4081   2.5626   1.8587   1.4938   1.1803   0.8298   0.9261   0.6636  31.5535 
  DB STEP 39 calculated  LABEL   1.2621  -0.5236  5 
 DB STEP 40 calculated STATE: 1.0299   0.7913   1.1973   1.1693   1.3036   2.0855   1.3555   1.8808   3.3380   2.0584   1.3297   0.9990   0.8588   0.6373  24.8929 
  DB STEP 40 calculated   LABEL   0.9957  -0.2618  4 
 DB STEP 41 calculated STATE: 0.7701   1.0976   1.2030   1.2615   1.7622   1.5076   1.5449   3.1042   1.2219   1.4143   1.1614   0.8499   0.7665   0.5976  23.7658 
  DB STEP 41 calculated  LABEL   0.9506  0.0000  0 
 DB STEP 42 calculated STATE: 0.9127   1.0926   1.2652   1.2485   2.0166   1.1928   1.6642   2.9309   1.6319   1.3756   1.1142   0.8451   0.6888   0.5063  31.9122 
  DB STEP 42 calculated   LABEL   1.2765  0.2618  1 
 DB STEP 43 calculated STATE: 0.7835   0.9732   1.2018   1.2236   1.4209   1.9194   1.1507   2.0422   2.5199   1.5055   1.3166   1.0326   0.6888   0.5063  27.8646 
  DB STEP 43 calculated  LABEL   1.1146  -0.2618  4 
 DB STEP 44 calculated STATE: 0.8838   0.8316   0.9943   1.2622   1.1227   1.6123   1.5300   1.2093   2.4237   3.1058   1.4910   1.2573   0.6130   0.4331  25.4565 
  DB STEP 44 calculated   LABEL   1.0183  0.0000  0 
 DB STEP 45 calculated STATE: 1.4084   0.8419   0.8169   1.0705   1.2422   1.1435   1.6839   1.4100   1.2441   2.4880   3.1248   1.3835   0.5971   0.4153  17.9762 
  DB STEP 45 calculated  LABEL   0.7190  -0.2618  4 
 DB STEP 46 calculated STATE: 2.0866   1.1797   0.7853   0.7766   1.2448   1.1610   1.2489   1.9647   1.0837   1.4036   2.7134   2.7928   0.5971   0.4153  15.2095 
  DB STEP 46 calculated   LABEL   0.6084  0.0000  0 
 DB STEP 47 calculated STATE: 3.6027   1.6310   1.0593   0.7760   0.9093   1.2662   1.1581   1.3135   1.8853   1.0459   1.8128   2.8895   0.5971   0.4153  9.4711 
  DB STEP 47 calculated  LABEL   0.3788  -0.2618  4 
 DB STEP 48 calculated STATE: 3.6976   2.2381   1.2865   0.8042   0.7572   1.2484   1.1882   1.1971   1.7896   1.1575   1.6367   2.2771   0.5971   0.4153  6.6019 
  DB STEP 48 calculated   LABEL   0.2641  0.0000  0 
 DB STEP 49 calculated STATE: 3.8829   3.6606   2.3897   1.3583   0.8189   0.7500   1.2271   1.1937   1.1808   1.9295   1.1954   1.4664   0.5971   0.4153  -1.9544 
  DB STEP 49 calculated  LABEL   -0.0782  -0.2618  4 
 DB STEP 50 calculated STATE: 0.7737   2.2219   3.8259   3.6833   2.1267   1.1999   0.7844   0.8335   1.2427   1.0849   1.1985   1.8857   0.5971   0.4153  -15.8391 
  DB STEP 50 calculated   LABEL   -0.6336  -0.5236  5 
 DB STEP 51 calculated STATE: 0.7151   0.6881   1.2619   3.5101   3.6981   3.0168   1.4654   0.8867   0.7281   1.1524   1.2940   1.1188   0.5971   0.4153  -23.9855 
  DB STEP 51 calculated  LABEL   -0.9594  -0.2618  4 
 DB STEP 52 calculated STATE: 0.7963   0.8124   0.6535   0.8978   2.4129   3.8751   3.7075   1.8643   1.0815   0.7639   0.8754   1.2664   0.5971   0.4153  -35.0524 
  DB STEP 52 calculated   LABEL   -1.4021  -0.5236  5 
 DB STEP 53 calculated STATE: 0.7951   0.8335   0.6913   0.7424   1.5832   3.8333   3.6774   2.6707   1.3874   0.7939   0.7068   1.2290   0.5971   0.4153  -37.9215 
  DB STEP 53 calculated  LABEL   -1.5169  0.0000  0 
 DB STEP 54 calculated STATE: 0.7951   0.8335   0.6913   0.7424   1.5832   3.8333   3.6774   2.6707   1.3874   0.7939   0.7068   1.2290   0.5971   0.4153  -37.9215 
  DB STEP 54 calculated   LABEL   -1.5169  0.0000  0 
 DB STEP 55 calculated STATE: 0.7951   0.8335   0.6913   0.7424   1.5832   3.8333   3.6774   2.6707   1.3874   0.7939   0.7068   1.2290   0.5971   0.4153  -37.9215 
  DB STEP 55 calculated  LABEL   -1.5169  0.0000  0 
 DB STEP 56 calculated STATE: 0.8255   0.8139   0.8360   0.6628   0.8921   2.4371   3.7994   3.7766   2.2726   1.0722   0.7565   0.8556   7.1341   -1.4844  -44.7358 
  DB STEP 56 calculated   LABEL   -1.7894  -0.2618  4 
 DB STEP 57 calculated STATE: 0.7949   0.8225   0.6487   0.7446   1.6913   3.7063   3.7488   3.1401   1.4138   0.7920   0.7038   1.1045   7.0947   -1.4847  -36.9993 
  DB STEP 57 calculated  LABEL   -1.4800  0.2618  1 
 DB STEP 58 calculated STATE: 0.7953   0.8211   0.6424   0.7290   6.4567   3.9341   7.7363   5.2882   1.4338   0.8256   0.7408   1.0070   7.0745   -1.4847  -36.2820 
  DB STEP 58 calculated   LABEL   -1.4513  0.0000  0 
 DB STEP 59 calculated STATE: 0.7953   0.8211   0.6424   0.7290   6.4567   3.9341   7.7363   5.2882   1.4338   0.8256   0.7408   1.0070   7.0745   -1.4847  -36.2820 
  DB STEP 59 calculated  LABEL   -1.4513  0.0000  0 
 DB STEP 60 calculated STATE: 0.7953   0.8211   0.6424   0.7290   6.4567   3.9341   7.7363   5.2882   1.4338   0.8256   0.7408   1.0070   7.0745   -1.4847  -36.2820 
  DB STEP 60 calculated   LABEL   -1.4513  0.0000  0 
 DB STEP 61 calculated STATE: 0.8087   0.7527   0.6062   0.5023   0.5811   1.0044   2.7787   3.8209   3.9436   2.8986   1.2177   0.8636   6.7934   -1.4849  -37.1530 
  DB STEP 61 calculated  LABEL   -1.4861  0.0000  0 
 DB STEP 62 calculated STATE: 0.7728   0.7270   0.4623   0.4753   0.5617   1.0378   2.9232   3.8400   3.6663   3.3773   1.8095   0.9031   6.7002   -1.4848  -37.1018 
  DB STEP 62 calculated   LABEL   -1.4841  0.0000  0 
 DB STEP 63 calculated STATE: 0.3619   0.3370   0.3335   0.3605   0.5649   0.8608   2.4672   3.5365   3.5303   3.5876   2.4832   1.0598   6.4428   -1.4852  -37.1530 
  DB STEP 63 calculated  LABEL   -1.4861  0.0000  0 
 DB STEP 64 calculated STATE: 0.3052   0.3094   0.3390   0.5698   0.8485   2.5643   3.5801   6.3317   15.5642   2.3952   1.0799   0.9510   6.3978   -1.4854  -29.9289 
  DB STEP 64 calculated   LABEL   -1.1972  0.2618  1 
 DB STEP 65 calculated STATE: 0.3121   0.4725   0.6838   1.5723   3.3661   3.5237   5.5201   1.9424   1.4875   0.9843   0.9172   0.7921   6.3809   -1.4879  -19.9380 
  DB STEP 65 calculated  LABEL   -0.7975  0.5236  2 
 DB STEP 66 calculated STATE: 0.4565   0.6155   1.0016   4.5152   3.1738   3.0776   3.0764   1.4280   1.2116   0.9853   0.9244   0.8435   6.3211   -1.4959  -19.2719 
  DB STEP 66 calculated   LABEL   -0.7709  0.0000  0 
 DB STEP 67 calculated STATE: 0.6345   1.1075   2.4586   3.1799   3.0223   3.2995   1.4165   1.4000   0.9023   0.9858   0.7460   1.1587   6.2386   -1.5076  -18.6059 
  DB STEP 67 calculated  LABEL   -0.7442  0.0000  0 
 DB STEP 68 calculated STATE: 1.0720   10.4282   3.4732   3.0942   3.1341   13.4005   1.2320   1.4039   0.8327   0.5999   0.8298   0.6552   6.0655   -1.5379  -17.1200 
  DB STEP 68 calculated   LABEL   -0.6848  0.0000  0 
 DB STEP 69 calculated STATE: 1.0693   1.7992   11.8250   3.1499   3.1162   12.6366   1.3418   1.4126   0.9526   0.5692   0.6327   0.7527   5.9713   -1.5478  -25.7788 
  DB STEP 69 calculated  LABEL   -1.0312  -0.2618  4 
 DB STEP 70 calculated STATE: 1.3708   12.1312   3.1800   2.9309   3.0611   2.7873   1.0481   1.3166   0.8430   0.5547   0.7265   0.6615   5.9323   -1.5513  -27.1109 
  DB STEP 70 calculated   LABEL   -1.0844  0.0000  0 
 DB STEP 71 calculated STATE: 1.3708   12.1312   3.1800   2.9309   3.0611   2.7873   1.0481   1.3166   0.8430   0.5547   0.7265   0.6615   5.9323   -1.5513  -27.1109 
  DB STEP 71 calculated  LABEL   -1.0844  0.0000  0 
 DB STEP 72 calculated STATE: 6.8468   3.3151   2.7119   2.8989   3.0507   0.9061   1.1125   1.0642   0.7395   0.3975   0.4012   0.5372   5.7176   -1.5730  -25.0103 
  DB STEP 72 calculated   LABEL   -1.0004  0.0000  0 
 DB STEP 73 calculated STATE: 1.5552   2.7777   3.4376   13.1951   2.8476   2.6470   2.4716   1.5610   1.7263   0.7514   0.6640   0.4973   5.5379   -1.5899  -29.9801 
  DB STEP 73 calculated  LABEL   -1.1992  -0.2618  4 
 DB STEP 74 calculated STATE: 1.6168   3.8584   3.0681   2.6841   2.5832   2.7052   0.8232   0.8922   0.9244   0.6770   0.6474   0.5011   5.4568   -1.5958  -30.1338 
  DB STEP 74 calculated   LABEL   -1.2054  0.0000  0 
 DB STEP 75 calculated STATE: 1.5896   2.1927   3.6747   2.9960   2.7757   2.5847   2.2039   0.8349   1.3451   0.9617   0.6665   0.5599   5.4330   -1.5976  -33.5666 
  DB STEP 75 calculated  LABEL   -1.3427  -0.2618  4 
 DB STEP 76 calculated STATE: 1.1631   1.6188   2.3349   3.6125   2.9817   2.8354   2.5022   2.3292   1.4730   4.9217   1.0455   0.6517   5.4330   -1.5976  -38.5876 
  DB STEP 76 calculated   LABEL   -1.5435  -0.2618  4 
 DB STEP 77 calculated STATE: 1.1231   1.0408   1.0434   1.3273   1.4765   2.7332   3.3719   14.1225   2.6488   2.3305   2.8129   1.9445   5.1973   -1.5775  -50.6792 
  DB STEP 77 calculated  LABEL   -2.0272  -0.5236  5 
 DB STEP 78 calculated STATE: 0.9946   0.9741   1.3611   1.2856   3.0307   3.0029   14.9654   2.5729   2.2537   2.7020   2.4731   1.4913   5.0567   -1.5644  -42.6865 
  DB STEP 78 calculated   LABEL   -1.7075  0.2618  1 
 DB STEP 79 calculated STATE: 0.9858   0.9303   1.1171   1.2401   1.5768   3.6189   12.2865   4.1647   2.3832   2.3590   2.6220   2.5481   4.9584   -1.5620  -41.8155 
  DB STEP 79 calculated  LABEL   -1.6726  0.0000  0 
 DB STEP 80 calculated STATE: 0.9587   0.9443   1.2012   1.1484   2.2997   3.3397   13.1454   2.2745   2.3566   2.2218   2.7588   7.3887   4.8864   -1.5602  -41.9692 
  DB STEP 80 calculated   LABEL   -1.6788  0.0000  0 
 DB STEP 81 calculated STATE: 0.8656   1.0709   1.0525   1.0915   3.1991   2.9029   11.9811   2.2040   2.2030   2.1530   2.7325   9.5019   4.7223   -1.5575  -40.2272 
  DB STEP 81 calculated  LABEL   -1.6091  0.0000  0 
 DB STEP 82 calculated STATE: 1.0252   0.9088   0.9998   2.0231   3.3927   2.4004   9.8068   4.0189   2.1219   2.1147   2.7774   8.7440   4.5557   -1.5567  -38.6901 
  DB STEP 82 calculated   LABEL   -1.5476  0.0000  0 
 DB STEP 83 calculated STATE: 1.0239   0.8642   0.9742   2.5597   3.2185   2.3637   1.9803   2.0411   2.0603   2.0710   2.7580   7.7753   4.4693   -1.5572  -37.7166 
  DB STEP 83 calculated  LABEL   -1.5087  0.0000  0 
 DB STEP 84 calculated STATE: 0.9574   0.8975   1.8647   3.0088   2.7029   2.2564   1.6550   3.8770   1.9398   1.8971   2.6401   5.8003   4.2612   -1.5604  -36.4870 
  DB STEP 84 calculated   LABEL   -1.4595  0.0000  0 
 DB STEP 85 calculated STATE: 0.8866   0.8713   2.6769   2.9317   2.4643   2.1327   1.5315   4.7427   1.8233   1.6499   2.4427   4.6198   4.1400   -1.5632  -36.7944 
  DB STEP 85 calculated  LABEL   -1.4718  0.0000  0 
 DB STEP 86 calculated STATE: 0.8186   1.1475   2.6078   2.7656   2.4684   1.9189   1.5687   1.6231   1.7397   1.5203   1.8856   2.6394   3.9345   -1.5680  -37.5630 
  DB STEP 86 calculated   LABEL   -1.5025  0.0000  0 
 DB STEP 87 calculated STATE: 1.0591   1.0773   0.8575   0.8453   2.3574   2.6784   2.7791   1.7164   1.8352   1.2423   1.5461   1.7112   3.8826   -1.5691  -53.8558 
  DB STEP 87 calculated  LABEL   -2.1542  -0.5236  5 
 DB STEP 88 calculated STATE: 1.0447   1.0578   0.8398   0.7866   2.0489   2.6097   2.7755   1.9015   1.8205   1.2537   1.4983   1.6755   3.8523   -1.5600  -60.8238 
  DB STEP 88 calculated   LABEL   -2.4330  -0.2618  4 
 DB STEP 89 calculated STATE: 0.9982   1.0177   0.7840   0.8227   2.3332   2.5859   2.7615   1.7181   1.7678   1.2310   1.6190   1.6697   3.8162   -1.5490  -59.9528 
  DB STEP 89 calculated  LABEL   -2.3981  0.0000  0 
 DB STEP 90 calculated STATE: 0.9502   0.7466   0.7590   2.1266   2.5000   2.6552   1.9202   1.7237   1.3947   1.1875   1.4854   1.8901   3.7566   -1.5290  -60.5163 
  DB STEP 90 calculated   LABEL   -2.4207  0.0000  0 
 DB STEP 91 calculated STATE: 0.9502   0.7466   0.7590   2.1266   2.5000   2.6552   1.9202   1.7237   1.3947   1.1875   1.4854   1.8901   3.7566   -1.5290  -60.5163 
  DB STEP 91 calculated  LABEL   -2.4207  0.0000  0 
 DB STEP 92 calculated STATE: 0.9502   0.7466   0.7590   2.1266   2.5000   2.6552   1.9202   1.7237   1.3947   1.1875   1.4854   1.8901   3.7566   -1.5290  -60.5163 
  DB STEP 92 calculated   LABEL   -2.4207  0.0000  0 
 DB STEP 93 calculated STATE: 0.9502   0.7466   0.7590   2.1266   2.5000   2.6552   1.9202   1.7237   1.3947   1.1875   1.4854   1.8901   3.7566   -1.5290  -60.5163 
  DB STEP 93 calculated  LABEL   -2.4207  0.0000  0 
 DB STEP 94 calculated STATE: 0.9502   0.7466   0.7590   2.1266   2.5000   2.6552   1.9202   1.7237   1.3947   1.1875   1.4854   1.8901   3.7566   -1.5290  -60.5163 
  DB STEP 94 calculated   LABEL   -2.4207  0.0000  0 
 DB STEP 95 calculated STATE: 0.9502   0.7466   0.7590   2.1266   2.5000   2.6552   1.9202   1.7237   1.3947   1.1875   1.4854   1.8901   3.7566   -1.5290  -60.5163 
  DB STEP 95 calculated  LABEL   -2.4207  0.0000  0 
 DB STEP 96 calculated STATE: 0.9502   0.7466   0.7590   2.1266   2.5000   2.6552   1.9202   1.7237   1.3947   1.1875   1.4854   1.8901   3.7566   -1.5290  -60.5163 
  DB STEP 96 calculated   LABEL   -2.4207  0.0000  0 
 DB STEP 97 calculated STATE: 0.9502   0.7466   0.7590   2.1266   2.5000   2.6552   1.9202   1.7237   1.3947   1.1875   1.4854   1.8901   3.7566   -1.5290  -60.5163 
  DB STEP 97 calculated  LABEL   -2.4207  0.0000  0 
 DB STEP 98 calculated STATE: 0.9502   0.7466   0.7590   2.1266   2.5000   2.6552   1.9202   1.7237   1.3947   1.1875   1.4854   1.8901   3.7566   -1.5290  -60.5163 
  DB STEP 98 calculated   LABEL   -2.4207  0.0000  0 
 DB STEP 99 calculated STATE: 0.7546   0.6117   0.8135   2.3697   2.2038   2.1879   2.2990   1.5859   1.1623   1.4259   1.1212   1.6644   3.4805   -1.4357  -61.4385 
  DB STEP 99 calculated  LABEL   -2.4575  0.0000  0 
 DB STEP 100 calculated STATE: 0.7546   0.6117   0.8135   2.3697   2.2038   2.1879   2.2990   1.5859   1.1623   1.4259   1.1212   1.6644   3.4805   -1.4357  -61.4385 
  DB STEP 100 calculated   LABEL   -2.4575  0.0000  0 
 DB STEP 101 calculated STATE: 0.7546   0.6117   0.8135   2.3697   2.2038   2.1879   2.2990   1.5859   1.1623   1.4259   1.1212   1.6644   3.4805   -1.4357  -61.4385 
  DB STEP 101 calculated  LABEL   -2.4575  0.0000  0 
 DB STEP 102 calculated STATE: 0.6999   0.7981   3.3786   2.6538   1.6874   1.6504   1.6942   1.9273   0.9626   0.7896   1.1052   0.9901   3.1653   -1.2725  -64.4101 
  DB STEP 102 calculated   LABEL   -2.5764  0.0000  0 
 DB STEP 103 calculated STATE: 1.3207   5.6037   2.2546   1.5224   1.4738   1.5056   1.6431   11.1631   0.6686   0.7204   1.1292   0.9958   3.1078   -1.2035  -62.5144 
  DB STEP 103 calculated  LABEL   -2.5006  0.0000  0 
 DB STEP 104 calculated STATE: 11.7253   2.4403   1.3641   1.2688   1.2838   1.2618   1.4796   26.9855   0.4993   0.4887   0.9289   1.1790   3.0408   -1.1243  -60.9773 
  DB STEP 104 calculated   LABEL   -2.4391  0.0000  0 
 DB STEP 105 calculated STATE: 5.5228   1.1705   1.0440   1.0112   0.9452   1.0154   1.2362   18.3292   3.6173   4.2196   0.9207   0.4918   2.9434   -1.0018  -58.5692 
  DB STEP 105 calculated  LABEL   -2.3428  0.0000  0 
 DB STEP 106 calculated STATE: 1.1395   0.9511   0.8667   0.7948   0.7498   0.8502   1.0599   6.5511   3.6958   4.6124   0.9482   9.8610   2.8958   -0.9312  -57.0321 
  DB STEP 106 calculated   LABEL   -2.2813  0.0000  0 
 DB STEP 107 calculated STATE: 1.2218   0.9849   0.8713   0.8174   0.7138   0.7895   0.9460   13.9861   2.4996   5.4845   1.7713   4.8526   2.8831   -0.9117  -56.0074 
  DB STEP 107 calculated  LABEL   -2.2403  0.0000  0 
 DB STEP 108 calculated STATE: 1.0207   0.8596   0.7929   0.6689   0.6948   0.7976   1.0190   11.4472   4.0720   4.2727   1.0146   0.9654   2.8652   -0.8862  -50.7814 
  DB STEP 108 calculated   LABEL   -2.0313  0.2618  1 
 DB STEP 109 calculated STATE: 0.8368   0.8007   0.6520   0.7023   0.8185   1.0696   13.5434   4.6884   3.5057   0.7011   0.9439   1.1119   2.8652   -0.8862  -42.0714 
  DB STEP 109 calculated  LABEL   -1.6829  0.2618  1 
 DB STEP 110 calculated STATE: 0.7889   0.6526   0.6362   0.7015   0.8395   7.0297   3.2432   5.4035   2.3235   0.8831   0.9003   1.1781   2.7872   -0.8751  -31.8756 
  DB STEP 110 calculated   LABEL   -1.2750  0.5236  2 
 DB STEP 111 calculated STATE: 0.7070   0.6015   0.6321   0.7138   0.8895   5.2728   2.9824   5.2376   1.6809   0.4980   0.7692   1.3007   2.7178   -0.8640  -32.2342 
  DB STEP 111 calculated  LABEL   -1.2894  0.0000  0 
 DB STEP 112 calculated STATE: 0.5639   0.5688   0.6022   0.7022   0.9275   1.5972   4.0877   4.0005   1.6717   0.7934   0.7283   1.1106   2.5449   -0.8369  -30.2361 
  DB STEP 112 calculated   LABEL   -1.2094  0.0000  0 
 DB STEP 113 calculated STATE: 0.5278   0.5362   0.5869   0.7045   1.0033   1.7351   4.9062   3.0158   2.2410   0.6124   0.8186   0.9312   2.3285   -0.8053  -28.1866 
  DB STEP 113 calculated  LABEL   -1.1275  0.0000  0 
 DB STEP 114 calculated STATE: 0.5044   0.5045   0.5460   0.6649   0.8909   1.4570   4.0808   3.7593   2.1705   5.1687   0.5227   0.9497   2.1676   -0.7789  -29.1089 
  DB STEP 114 calculated   LABEL   -1.1644  0.0000  0 
 DB STEP 115 calculated STATE: 0.4863   0.5458   0.6345   0.8493   1.4040   3.8385   5.8839   2.1000   2.8794   0.5343   0.6876   1.0721   2.1201   -0.7696  -22.1921 
  DB STEP 115 calculated  LABEL   -0.8877  0.2618  1 
 DB STEP 116 calculated STATE: 0.4833   0.5148   0.6346   0.7649   1.2851   2.8178   8.6554   2.1072   2.8769   1.1427   0.5354   1.1103   2.1129   -0.7692  -21.3211 
  DB STEP 116 calculated   LABEL   -0.8528  0.0000  0 
 DB STEP 117 calculated STATE: 0.4848   0.5223   0.6286   0.6738   1.0357   1.8489   4.9102   4.6089   2.2297   2.7940   0.5006   0.7055   2.0223   -0.7667  -20.8088 
  DB STEP 117 calculated  LABEL   -0.8324  0.0000  0 
 