7.3941   6.6264   6.2060   6.0415   6.1009   7.5362   3.5441   3.2989   4.1690   3.6818   3.4057   1.8630   1.7587   1.8187   1.9600   2.2140   2.5436   2.3485   2.1434   2.0426   2.0162   2.0625   2.1981   2.4430   7.3068   2.5460 
  DB STEP 0   LABELS   0.0000  -0.4000    0.0191  -0.1513 
 9.9594   7.5519   6.7184   6.2532   6.0520   6.0756   7.0116   3.9419   3.0357   4.2635   3.7300   3.4306   2.1225   1.7484   1.7996   1.9247   2.1536   2.5097   2.3890   2.1724   2.0509   2.0192   2.0544   2.1751   7.3068   2.4355 
  DB STEP 1   LABELS   0.0000  -1.0000    0.0128  -0.8474 
 10.6529   9.8584   11.2760   8.3465   7.1434   6.4803   6.1370   6.0325   6.2634   6.7173   3.2323   3.6832   3.9976   3.5759   3.0418   1.7428   1.7543   1.8357   2.0010   2.2882   2.5426   2.2851   2.1128   2.0335   7.3133   2.1995 
  DB STEP 2   LABELS   0.2054  -1.0000    0.1954  -0.9979 
 9.2283   11.3022   10.8213   10.3114   10.0876   10.4138   7.5792   6.6781   6.1670   5.9256   5.9083   6.2590   4.7044   2.7627   4.0034   3.6995   3.3738   2.9014   1.6477   1.6850   1.7934   1.9893   2.3212   2.5955   7.3119   2.0042 
  DB STEP 3   LABELS   0.4000  -1.0000    0.4141  -1.0002 
 3.3884   4.2912   6.1737   10.7830   10.8059   10.7868   10.0161   10.9360   8.8355   7.1293   6.3324   5.8839   5.6868   5.7016   6.5396   4.5527   2.6150   3.5452   3.6144   3.3183   3.1714   2.1818   1.6764   1.7948   7.2123   1.8337 
  DB STEP 4   LABELS   0.4000  -1.0000    0.4116  -0.9804 
 2.7445   3.0294   3.5234   4.3972   6.1518   10.4489   10.8797   9.8588   8.2387   7.2842   6.7505   6.5025   6.2276   5.7630   5.5361   5.5126   5.8643   6.4822   2.8334   2.6501   3.7614   3.4235   3.2549   3.1669   7.0683   1.7351 
  DB STEP 5   LABELS   0.4000  -0.6724    0.3970  -0.8412 
 2.7109   2.7771   2.9599   3.2881   3.8573   4.8927   7.0483   9.6077   8.2144   7.2672   6.7274   6.4876   6.4782   6.5477   5.9634   5.5433   5.3573   5.3771   5.7589   7.8345   2.9642   2.4384   3.6990   3.5475   6.8580   1.6759 
  DB STEP 6   LABELS   0.4000  -0.5911    0.4008  -0.5104 
 2.8317   2.8005   2.8690   3.0531   3.3955   3.9792   5.0391   7.2402   8.2109   7.2616   6.7309   6.4853   6.4851   6.7250   6.5919   5.8629   5.4508   5.2709   5.2804   5.6420   8.9459   3.2180   2.6416   3.2381   6.6794   1.6507 
  DB STEP 7   LABELS   0.4000  -0.1316    0.4048  -0.3918 
 2.9891   2.8876   2.8858   2.9911   3.2312   3.6551   4.3854   5.7544   7.7925   7.2978   6.7621   6.5211   6.5141   6.7611   7.0152   6.2155   5.6109   5.2938   5.1793   5.2562   5.6886   9.6996   3.2573   2.7345   6.4833   1.6346 
  DB STEP 8   LABELS   0.4000  0.0000    0.3916  -0.1077 
 3.0798   2.9512   2.9374   3.0333   3.2490   3.6484   4.3355   5.5972   7.7570   7.5744   7.0224   6.7670   6.7716   7.0251   7.2024   6.2627   5.6160   5.2603   5.1226   5.1742   5.5034   9.5126   5.3584   3.0369   6.2892   1.6260 
  DB STEP 9   LABELS   0.4000  0.0000    0.3994  0.0518 
 3.2029   3.0387   2.9947   3.0528   3.2410   3.5828   4.1874   5.2518   7.1855   7.2720   6.7370   6.4910   6.4889   6.7269   7.1519   6.4465   5.6979   5.2732   5.0840   5.0778   5.2651   5.8086   11.4456   3.4581   6.0785   1.6136 
  DB STEP 10   LABELS   0.4000  0.0000    0.4001  0.0251 
 3.2500   3.0808   3.0318   3.0968   3.2837   3.6339   4.2404   5.3205   7.2395   7.2527   6.7188   6.4697   6.4701   6.7101   7.1292   6.4006   5.6511   5.2355   5.0407   5.0378   5.2185   5.7606   12.3276   3.6948   5.9087   1.6046 
  DB STEP 11   LABELS   0.4000  0.1772    0.4040  0.0930 
 3.2588   3.1172   3.0966   3.1852   3.4110   3.8193   4.5175   5.7980   7.7298   7.2959   6.7585   6.5112   6.5100   6.7466   6.9893   6.1160   5.4693   5.1151   4.9665   5.0033   5.2343   5.8274   12.6344   3.8328   5.6990   1.5970 
  DB STEP 12   LABELS   0.4000  0.1148    0.3959  0.1171 
 3.2591   3.1623   3.1781   3.3213   3.6089   4.1169   4.9959   6.6748   8.1522   7.2726   6.7382   6.4912   6.4900   6.7289   6.6342   5.7631   5.2418   4.9717   4.8955   4.9984   5.3011   6.8045   11.4759   3.8622   5.5054   1.5943 
  DB STEP 13   LABELS   0.4000  0.2295    0.4012  0.0633 
 3.2939   3.2208   3.2673   3.4375   3.7709   4.3556   5.3759   7.3850   8.2109   7.2601   6.7277   6.4829   6.4836   6.7202   6.3484   5.5465   5.0963   4.8752   4.8372   4.9774   5.3238   7.4556   11.0653   3.9542   5.3305   1.5920 
  DB STEP 14   LABELS   0.4000  0.1075    0.4004  0.1845 
 3.3458   3.3058   3.3911   3.6120   4.0181   4.7169   5.9849   8.3422   8.2139   7.2640   6.7302   6.4836   6.4846   6.6538   5.9540   5.2872   4.9208   4.7635   4.7770   4.9741   5.3829   9.1134   9.9180   4.0280   5.1330   1.5926 
  DB STEP 15   LABELS   0.4000  0.0617    0.3997  0.0213 
 3.4256   3.4153   3.5224   3.7865   4.2532   5.0575   6.5468   8.8769   8.1944   7.2463   6.7139   6.4725   6.4679   6.5142   5.6682   5.0883   4.7711   4.6500   4.7020   4.9274   5.3872   9.2810   9.8378   4.1695   4.9153   1.5923 
  DB STEP 16   LABELS   0.4000  0.1875    0.3994  0.0981 
 3.5023   3.5146   3.6565   3.9597   4.4977   5.4322   7.1875   9.2812   8.2110   7.2723   6.7343   6.4889   6.4846   6.3219   5.4139   4.9066   4.6427   4.5564   4.6365   4.9040   5.4131   10.0978   9.3345   4.2649   4.7361   1.5949 
  DB STEP 17   LABELS   0.4000  0.0000    0.4000  0.0227 
 3.6011   3.6303   3.7983   4.1397   4.7377   5.7819   7.7703   9.3239   8.1558   7.2672   6.7326   6.4886   6.4857   6.0865   5.2085   4.7485   4.5183   4.4516   4.5598   4.8489   5.3840   9.9177   9.5494   4.3963   4.5367   1.5968 
  DB STEP 18   LABELS   0.4000  0.0764    0.3986  0.1663 
 3.7160   3.7690   3.9653   4.3498   5.0197   6.1943   8.4443   9.0323   8.0586   7.2679   6.7298   6.4840   6.4364   5.7829   4.9813   4.5738   4.3757   4.3416   4.4679   4.7815   5.3426   10.0504   9.7985   4.5455   4.3170   1.6004 
  DB STEP 19   LABELS   0.4000  0.0194    0.3996  0.0016 
 3.8255   3.8993   4.1280   4.5565   5.2995   6.6232   9.1214   8.3644   7.9510   7.2617   6.7320   6.3761   6.3519   5.5116   4.7850   4.4192   4.2460   4.2373   4.3829   4.7150   5.3076   9.8386   11.3526   4.6747   4.1178   1.6048 
  DB STEP 20   LABELS   0.4000  -0.0286    0.4001  -0.0049 
 3.9318   3.9960   4.2127   4.6356   5.3648   6.6542   9.0573   8.2434   7.8417   7.2449   6.6633   6.2027   6.3318   5.4618   4.7058   4.3344   4.1533   4.1284   4.2539   4.5657   5.1199   7.1940   14.4919   4.9279   3.9380   1.6033 
  DB STEP 21   LABELS   0.4000  0.0000    0.4003  -0.0301 
 4.0532   4.1241   4.3552   4.7989   5.5691   6.9270   9.1168   7.9081   7.6790   7.2119   6.4244   5.9867   6.2698   5.2846   4.5506   4.1896   4.0248   4.0086   4.1364   4.4434   4.9916   6.0303   15.8148   5.3782   3.7182   1.6052 
  DB STEP 22   LABELS   0.4000  -0.0885    0.4005  -0.0712 
 4.1673   4.2317   4.4587   4.9025   5.6696   7.0306   9.0677   7.7569   7.5218   7.0420   6.2341   5.7733   6.2936   5.1856   4.4443   4.0882   3.9151   3.8920   4.0122   4.3007   4.8173   5.7898   15.7329   5.9120   3.5182   1.6046 
  DB STEP 23   LABELS   0.4000  0.1355    0.4004  0.0007 
 4.2787   4.3597   4.6081   5.0847   5.9089   7.3757   8.8498   7.5574   7.3409   6.7167   5.9626   5.6131   6.2004   4.9757   4.2787   3.9487   3.7916   3.7797   3.9116   4.2042   4.7299   5.6917   15.9544   6.1471   3.3188   1.6084 
  DB STEP 24   LABELS   0.4000  0.0000    0.4007  0.0195 
 4.3832   4.4584   4.7030   5.1785   6.0093   7.4681   8.6988   7.4214   7.1980   6.5293   5.7877   5.4147   6.2503   4.8869   4.1769   3.8512   3.6948   3.6790   3.7988   4.0769   4.5771   5.4455   14.5885   7.4103   3.1392   1.6088 
  DB STEP 25   LABELS   0.4000  0.0631    0.3927  0.0600 
 4.5089   4.5915   4.8574   5.3581   6.2263   7.7040   8.4244   7.2200   6.9821   6.2200   5.5261   5.2346   6.2213   4.7023   4.0170   3.7084   3.5647   3.5521   3.6739   3.9506   4.4449   5.3018   13.4486   9.1764   2.9197   1.6123 
  DB STEP 26   LABELS   0.4000  -0.1126    0.3999  -0.0127 
 4.6170   4.7077   4.9817   5.5002   6.4002   7.9308   8.0796   7.0447   6.7842   5.9597   5.2991   5.0453   6.2776   4.5599   3.8862   3.5900   3.4510   3.4431   3.5579   3.8329   4.3120   5.1457   11.2306   11.5706   2.7204   1.6144 
  DB STEP 27   LABELS   0.4000  0.0000    0.4010  0.0226 
 4.7244   4.8040   5.0699   5.5834   6.4696   7.9697   7.9073   6.9122   6.6274   5.7910   5.1310   4.8206   6.4031   4.4661   3.7905   3.4912   3.3533   3.3344   3.4426   3.6917   4.1429   4.9283   7.8955   14.2539   2.5405   1.6148 
  DB STEP 28   LABELS   0.4000  0.0000    0.3998  -0.0944 
 4.8337   4.9180   5.2068   5.7377   6.6631   8.2453   7.4033   6.7325   6.3920   5.5099   4.8926   4.6826   6.4121   4.2965   3.6479   3.3723   3.2310   3.2231   3.3329   3.5809   4.0250   4.7991   6.2703   15.2096   2.3410   1.6177 
  DB STEP 29   LABELS   0.4000  -0.0732    0.4004  -0.0187 
 4.9500   5.0161   5.2770   5.7858   6.6730   8.1717   7.3045   6.6017   6.2486   5.3610   4.7266   4.3741   6.3400   4.5193   3.5846   3.2754   3.1309   3.1065   3.1967   3.4194   3.8185   4.5131   5.8185   14.8850   2.1412   1.6169 
  DB STEP 30   LABELS   0.4000  0.0000    0.3920  -0.0708 
 5.0585   5.1455   5.4288   5.9730   6.9197   8.2130   6.8609   6.3998   5.9593   5.0464   4.4704   4.1509   6.4881   4.2681   3.4425   3.1417   3.0131   2.9956   3.0921   3.3212   3.7224   4.4228   5.7211   14.7029   1.9417   1.6215 
  DB STEP 31   LABELS   0.4000  0.0000    0.3965  0.0237 
 5.1727   5.2425   5.5220   6.0530   6.9883   8.0880   6.7181   6.2556   5.7700   4.8510   4.2782   3.9597   6.3139   4.4595   3.4066   3.0403   2.9066   2.8828   2.9655   3.1715   3.5479   4.1959   5.3733   13.9001   1.7419   1.6230 
  DB STEP 32   LABELS   0.4000  0.0000    0.4002  0.0438 
 5.2823   5.3680   5.6656   6.2339   7.2150   7.8326   6.4925   6.0602   5.4444   4.5544   4.0304   3.7455   6.4805   4.3118   3.2783   2.9070   2.7891   2.7747   2.8622   3.0681   3.4427   4.0879   5.2739   13.2005   1.5423   1.6283 
  DB STEP 33   LABELS   0.4000  -0.0389    0.3998  0.0453 
 5.3963   5.4697   5.7569   6.3100   7.2657   7.6745   6.3527   5.9101   5.2352   4.3518   3.8410   3.5498   6.2677   4.5849   3.2456   2.8053   2.6818   2.6630   2.7368   2.9234   3.2706   3.8683   4.9490   10.9210   1.3424   1.6308 
  DB STEP 34   LABELS   0.4000  0.0595    0.4010  -0.0247 
 5.5085   5.5932   5.8988   6.4865   7.4520   7.3214   6.1299   5.7140   4.8708   4.0624   3.5959   3.3318   6.4816   4.5822   3.1223   2.6775   2.5656   2.5483   2.6285   2.8209   3.1557   3.7517   4.8320   9.7702   1.1429   1.6390 
  DB STEP 35   LABELS   0.4000  -0.1053    0.4017  -0.0884 
 5.6177   5.6760   5.9479   6.4957   7.3993   7.2962   6.0384   5.5920   4.7432   3.9112   3.4309   3.1603   5.9195   5.3267   3.1069   2.5867   2.4642   2.4371   2.4975   2.6610   2.9616   3.4727   4.4079   6.3793   0.9436   1.6416 
  DB STEP 36   LABELS   0.4000  0.0000    0.3807  -0.0743 
 5.7242   5.7975   6.0956   6.6772   7.6389   6.7457   5.8084   5.3432   4.3593   3.6134   3.1807   2.9380   6.1245   5.3861   2.9158   2.5264   2.3519   2.3283   2.3984   2.5574   2.8578   3.3727   4.3100   6.3312   0.7444   1.6526 
  DB STEP 37   LABELS   0.4000  0.0000    0.3999  -0.0576 
 5.8334   5.8903   6.1709   6.7385   7.6804   6.5212   5.6667   5.1693   4.1378   3.4123   2.9954   2.7551   5.6997   6.0536   2.7071   2.5602   2.2478   2.2273   2.2839   2.4273   2.7010   3.1666   4.0172   5.7896   0.5513   1.6642 
  DB STEP 38   LABELS   0.3257  0.0000    0.3466  0.0405 
 5.9187   5.9521   6.2044   6.7359   7.6253   6.5295   5.5982   5.0818   4.0332   3.2882   2.8672   2.6232   5.0775   6.7242   2.7577   2.5993   2.1822   2.1477   2.1865   2.3149   2.5649   2.9877   3.7396   5.2738   0.4026   1.6763 
  DB STEP 39   LABELS   0.2381  0.0000    0.2528  -0.0271 
 5.9825   5.9894   6.2191   6.7201   7.5668   6.5692   5.5618   5.0318   3.9744   3.2171   2.7840   2.5359   4.4542   6.7230   3.4372   2.5750   2.1899   2.0916   2.1261   2.2420   2.4647   2.8530   3.5448   4.9086   0.3056   1.6834 
  DB STEP 40   LABELS   0.1572  0.0000    0.1637  0.0275 
 5.9889   6.1181   6.4960   7.1950   7.2073   5.7959   5.2121   4.3770   3.4037   2.8737   2.5642   2.7546   6.3687   5.3409   2.4339   2.4154   2.0712   2.0732   2.1484   2.3205   2.6231   3.1472   4.1270   6.3947   17.7115   0.6186 
  DB STEP 41   LABELS   0.1384  0.9263    -0.0183  0.6878 
 6.7202   7.4985   6.6303   5.5430   4.9950   3.9159   3.1221   2.6819   2.4233   3.7889   6.5392   4.1056   2.4060   2.2674   2.0115   2.0327   2.1274   2.3262   2.6697   3.2737   4.4464   9.1008   10.4093   7.7006   17.7365   0.5344 
  DB STEP 42   LABELS   0.1660  0.9210    -0.0135  0.7537 
 6.4159   5.4854   4.8950   3.7546   3.0078   2.5872   2.3484   4.3484   8.3436   4.1569   2.3492   2.1811   1.9424   1.9659   2.0634   2.2592   2.5998   3.1988   4.3772   9.0753   10.1278   7.7245   9.0884   9.1826   17.7378   0.4250 
  DB STEP 43   LABELS   0.1664  0.8638    0.1655  0.8025 
 4.4332   3.3441   2.7647   2.4282   2.4749   6.1092   8.1371   2.2016   2.3439   1.8799   1.8572   1.9021   2.0328   2.2603   2.6591   3.3792   4.8840   11.5252   8.4876   7.7880   9.7676   9.0190   9.1659   7.7529   17.7022   0.2648 
  DB STEP 44   LABELS   0.4000  0.9570    0.2198  0.9080 
 2.5269   2.2806   5.8150   8.3494   2.4675   2.2251   1.7900   1.7066   1.7206   1.7954   1.9514   2.2259   2.7093   3.6257   5.8820   12.1692   7.8579   8.3822   9.4812   9.3917   8.6136   7.4592   6.7868   6.4432   17.5607   0.0663 
  DB STEP 45   LABELS   0.4000  0.9191    0.3927  0.9540 
 6.8220   3.7148   2.2034   1.7391   1.6237   1.6018   1.6359   1.7382   1.9251   2.2527   2.8396   4.0436   6.2466   6.7723   7.3027   8.1982   8.8815   9.3704   8.1761   7.2394   6.7146   6.4762   6.4826   6.7322   17.3711   0.1488 
  DB STEP 46   LABELS   0.4000  0.5899    0.3914  0.8005 
 2.2731   1.8026   1.6308   1.5735   1.5780   1.6362   1.7621   1.9974   2.4013   3.1524   4.8715   6.5013   6.5073   6.7517   7.2854   8.2398   8.9104   7.7687   7.0225   6.6189   6.4824   6.5826   6.9414   7.6362   17.1754   0.2868 
  DB STEP 47   LABELS   0.4000  0.3078    0.3981  0.3711 
 1.9146   1.6840   1.5956   1.5658   1.6007   1.6944   1.8782   2.1815   2.7327   3.8479   6.1345   6.4802   6.4768   6.7157   7.2415   8.1791   8.2942   7.3217   6.7706   6.5185   6.5007   6.7332   7.2526   8.1364   16.9863   0.3408 
  DB STEP 48   LABELS   0.4000  0.0000    0.4003  0.0643 
 1.8630   1.6947   1.6025   1.5770   1.6075   1.7062   1.8873   2.2023   2.7572   3.8872   6.1683   6.4816   6.4830   6.7288   7.2575   8.1993   8.2704   7.3011   6.7594   6.5044   6.4913   6.7265   7.2471   8.1334   16.7998   0.3461 
  DB STEP 49   LABELS   0.4000  0.0000    0.4002  0.0044 
 1.8972   1.7193   1.6225   1.5871   1.6155   1.7013   1.8757   2.1729   2.7003   3.7528   6.0018   6.4897   6.4860   6.7212   7.2510   8.1901   8.3813   7.3677   6.7862   6.5132   6.4747   6.6846   7.1713   8.0482   16.6036   0.3405 
  DB STEP 50   LABELS   0.4000  -0.1329    0.4001  -0.1775 
 1.9748   1.7554   1.6423   1.5926   1.5988   1.6682   1.8142   2.0665   2.5071   3.3477   5.3048   6.4867   6.4430   6.6289   7.2443   8.0021   8.6496   7.6193   6.9253   6.5651   6.4622   6.5957   6.9874   7.7348   16.4140   0.3169 
  DB STEP 51   LABELS   0.4000  0.0000    0.4001  -0.0621 
 1.9777   1.7613   1.6420   1.5858   1.5915   1.6567   1.7982   2.0426   2.4738   3.2819   5.1906   6.4865   6.3309   6.4063   7.2019   7.7841   8.5642   7.6643   6.9556   6.5831   6.4632   6.5907   6.9751   7.6962   16.2229   0.3164 
  DB STEP 52   LABELS   0.4000  -0.1412    0.4003  0.0091 
 2.0328   1.7836   1.6487   1.5802   1.5721   1.6290   1.7476   1.9657   2.3408   3.0325   4.5583   6.4846   6.3069   6.1400   6.9779   7.6765   8.3356   7.8905   7.0844   6.6486   6.4790   6.5548   6.8753   7.5185   16.0301   0.2994 
  DB STEP 53   LABELS   0.4000  0.0000    0.4001  0.0019 
 2.0756   1.8074   1.6539   1.5729   1.5559   1.5936   1.6992   1.8878   2.2148   2.8109   4.0450   6.2639   6.3966   5.8891   6.5422   7.9319   7.8461   8.1468   7.2439   6.7393   6.5168   6.5361   6.8030   7.3697   15.8357   0.2821 
  DB STEP 54   LABELS   0.4000  -0.1984    0.3997  0.0195 
 2.1050   1.8105   1.6438   1.5549   1.5242   1.5511   1.6401   1.8113   2.1012   2.6184   3.6576   5.8987   6.4859   5.7646   5.9084   8.1335   7.5375   8.2172   7.4142   6.8398   6.5713   6.5458   6.7648   7.2657   15.6392   0.2671 
  DB STEP 55   LABELS   0.4000  -0.1855    0.3991  0.1255 
 2.1142   1.8040   1.6244   1.5256   1.4908   1.5125   1.5899   1.7435   2.0073   2.4734   3.3827   5.5174   6.4879   5.7617   5.6544   7.4429   7.6152   8.0730   7.5587   6.9368   6.6226   6.5651   6.7495   7.2142   15.4412   0.2560 
  DB STEP 56   LABELS   0.4000  -0.0809    0.4018  -0.1050 
 2.0880   1.7705   1.5909   1.4929   1.4529   1.4711   1.5411   1.6852   1.9340   2.3701   3.2175   5.2852   6.4696   5.7144   5.4286   6.8959   7.6149   7.8485   7.6543   7.0010   6.6725   6.6034   6.7714   7.2127   15.2436   0.2521 
  DB STEP 57   LABELS   0.4000  -0.0882    0.4023  -0.0764 
 2.0299   1.7278   1.5484   1.4506   1.4146   1.4309   1.4968   1.6385   1.8810   2.3032   3.1215   5.1583   6.4210   5.6126   5.2233   6.5007   7.6162   7.6071   7.7054   7.0496   6.7134   6.6383   6.8091   7.2557   15.0465   0.2537 
  DB STEP 58   LABELS   0.4000  0.0000    0.4057  0.0458 
 1.9661   1.6754   1.5082   1.4079   1.3777   1.3945   1.4609   1.5949   1.8331   2.2536   3.0681   5.1483   6.2668   5.4582   5.0266   6.1281   7.5948   7.3655   7.7336   7.0804   6.7492   6.6785   6.8576   7.3126   14.8490   0.2581 
  DB STEP 59   LABELS   0.4000  0.0000    0.4000  -0.0233 
 1.9042   1.6236   1.4571   1.3689   1.3419   1.3591   1.4239   1.5588   1.7946   2.2097   3.0204   5.1548   6.1171   5.3018   4.8243   5.7474   7.5183   7.1161   7.7386   7.1024   6.7785   6.7197   6.9050   7.3767   14.6520   0.2634 
  DB STEP 60   LABELS   0.4000  0.0131    0.3994  0.0029 
 1.8137   1.5632   1.4107   1.3312   1.3086   1.3276   1.4070   1.5499   1.7965   2.2276   3.1009   5.4187   5.9147   5.0322   4.6790   5.6216   7.4321   7.0336   7.6767   7.0763   6.7886   6.7578   6.9779   7.4845   14.4751   0.2771 
  DB STEP 61   LABELS   0.4000  0.0000    0.4006  -0.0168 
 1.7985   1.5371   1.3837   1.3031   1.2715   1.2893   1.3562   1.4844   1.7131   2.1133   2.8967   5.1119   5.7928   5.0435   4.4218   4.9039   7.3688   6.7683   7.6716   7.1603   6.8418   6.7864   6.9801   7.4600   14.2591   0.2707 
  DB STEP 62   LABELS   0.4000  -0.0672    0.4000  0.0370 
 1.8034   1.5265   1.3612   1.2753   1.2410   1.2536   1.3049   1.4274   1.6291   1.9829   2.6740   4.6158   5.8044   5.1593   4.2037   4.5188   6.5718   6.8643   7.5027   7.2631   6.9067   6.8124   6.9704   7.4079   14.0821   0.2594 
  DB STEP 63   LABELS   0.4000  0.0000    0.3986  -0.0178 
 1.7420   1.4754   1.3219   1.2329   1.2014   1.2125   1.2638   1.3802   1.5783   1.9256   2.5872   4.5163   5.6798   5.0793   4.0050   4.2982   6.0753   6.8705   7.3049   7.3099   6.9474   6.8542   7.0104   7.4469   13.8849   0.2618 
  DB STEP 64   LABELS   0.4000  0.0458    0.3977  -0.1058 
 1.6857   1.4269   1.2723   1.1923   1.1586   1.1700   1.2244   1.3360   1.5273   1.8629   2.5022   4.4950   5.5592   5.0031   3.8175   4.0863   5.5197   6.9692   7.0628   7.3476   6.9831   6.8920   7.0538   7.4999   13.6877   0.2647 
  DB STEP 65   LABELS   0.4000  0.0676    0.3999  -0.0166 
 1.6159   1.3693   1.2281   1.1510   1.1215   1.1301   1.1900   1.2964   1.4835   1.8141   2.4589   4.5376   5.4364   4.8203   3.6586   3.8782   5.0459   6.9795   6.8206   7.3658   7.0145   6.9347   7.1073   7.5707   13.4907   0.2712 
  DB STEP 66   LABELS   0.4000  0.1345    0.4003  -0.0171 
 1.5406   1.3070   1.1772   1.1102   1.0773   1.0911   1.1431   1.2519   1.4372   1.7657   2.3977   4.6381   5.2441   4.6287   3.5439   3.6510   4.4686   7.0329   6.5013   7.3938   7.0508   6.9762   7.1606   7.6381   13.2750   0.2775 
  DB STEP 67   LABELS   0.4000  0.0000    0.3999  0.0780 
 1.5113   1.2786   1.1441   1.0702   1.0388   1.0500   1.0962   1.1910   1.3704   1.6707   2.2453   4.3068   5.3041   4.4813   3.5480   3.4032   3.8293   6.5749   6.4101   7.4019   7.1083   7.0098   7.1810   7.6298   13.0784   0.2728 
  DB STEP 68   LABELS   0.4000  -0.1532    0.3999  0.1431 
 1.4715   1.2387   1.1052   1.0309   1.0017   1.0034   1.0485   1.1425   1.3010   1.5765   2.1047   3.9556   5.4475   4.3053   3.6080   3.1645   3.5509   5.6147   6.5263   7.2429   7.1645   7.0535   7.1996   7.6289   12.8807   0.2688 
  DB STEP 69   LABELS   0.4000  0.0000    0.4006  -0.0017 
 1.4138   1.1919   1.0600   0.9879   0.9551   0.9611   1.0009   1.0866   1.2368   1.4934   1.9921   3.8246   5.4395   4.1048   3.6449   2.9443   3.2963   4.7055   6.6804   7.0037   7.2188   7.0973   7.2396   7.6656   12.6832   0.2688 
  DB STEP 70   LABELS   0.4000  0.0000    0.4007  -0.0078 
 1.3636   1.1437   1.0196   0.9490   0.9155   0.9194   0.9584   1.0349   1.1755   1.4218   1.8882   3.5973   5.5568   3.9119   3.6974   2.7648   3.0671   3.8714   6.8894   6.6780   7.2645   7.1358   7.2690   7.6875   12.5053   0.2682 
  DB STEP 71   LABELS   0.4000  0.0564    0.3959  -0.0615 
 1.2587   1.0692   0.9562   0.8943   0.8674   0.8799   0.9219   1.0014   1.1521   1.4055   1.9454   4.2609   5.1820   3.7521   3.5426   2.6248   2.8853   3.4495   6.9348   6.6188   7.2731   7.1827   7.3611   7.8301   12.3084   0.2849 
  DB STEP 72   LABELS   0.4000  0.0000    0.3998  0.0602 
 1.1803   1.0089   0.9033   0.8540   0.8331   0.8463   0.8870   0.9747   1.1195   1.3808   2.0210   4.6750   4.7884   3.5681   3.3751   2.5273   2.6794   3.2309   6.7254   6.4702   7.2860   7.2230   7.4312   7.9408   12.1127   0.2981 
  DB STEP 73   LABELS   0.4000  0.0422    0.4001  -0.0083 
 1.1238   0.9604   0.8649   0.8152   0.7990   0.8086   0.8507   0.9372   1.0814   1.3385   2.0262   4.8543   4.6773   3.3739   3.2262   2.5475   2.4396   2.9503   5.9719   6.3500   7.3136   7.2644   7.4794   8.0090   11.9174   0.3054 
  DB STEP 74   LABELS   0.4000  -0.0622    0.4002  -0.0116 
 1.1149   0.9389   0.8412   0.7857   0.7635   0.7676   0.8018   0.8780   1.0000   1.2153   1.8158   4.2062   5.4203   3.0757   3.1566   2.8075   2.1547   2.5341   3.8379   6.6150   7.2905   7.2856   7.4513   7.9138   11.7214   0.2906 
  DB STEP 75   LABELS   0.4000  0.0000    0.3995  -0.1173 
 1.0469   0.8865   0.7955   0.7436   0.7161   0.7233   0.7556   0.8254   0.9404   1.1452   1.7792   4.2438   5.4920   2.8187   2.9939   2.7720   2.1310   2.2076   2.8601   6.4226   7.0861   7.3332   7.4972   7.9629   11.5054   0.2943 
  DB STEP 76   LABELS   0.4000  0.0094    0.4006  -0.0276 
 0.9928   0.8381   0.7544   0.7019   0.6804   0.6867   0.7169   0.7828   0.8917   1.0888   1.7672   4.4663   5.5877   2.6148   2.8542   2.6657   2.2754   1.9560   2.5298   5.6218   6.8114   7.3711   7.5409   8.0105   11.3287   0.2983 
  DB STEP 77   LABELS   0.4000  0.0668    0.3997  0.0163 
 0.9140   0.7781   0.6995   0.6622   0.6450   0.6489   0.6868   0.7494   0.8595   1.2725   1.6054   5.3542   5.2628   2.4245   2.6799   2.5275   2.3840   1.7648   2.2373   4.8999   6.7301   7.4146   7.6171   8.1386   11.1332   0.3140 
  DB STEP 78   LABELS   0.4000  0.0846    0.3993  0.0340 
 0.8418   0.7234   0.6572   0.6201   0.6070   0.6188   0.6591   0.7223   0.9496   1.3776   1.7879   6.4911   4.7634   2.2457   2.5076   2.3843   2.3017   1.8089   1.9484   4.1977   6.7337   7.4642   7.7180   8.2987   10.9391   0.3341 
  DB STEP 79   LABELS   0.4000  0.1324    0.3997  0.0482 
 0.7792   0.6822   0.6181   0.5878   0.5837   0.5935   0.6337   0.8719   1.1847   1.2072   3.4031   6.4860   4.2200   2.0215   2.3150   2.2296   2.1657   1.9791   1.6222   3.0329   6.7008   7.5092   7.8071   8.4405   10.7277   0.3526 
  DB STEP 80   LABELS   0.4000  -0.0785    0.4000  -0.0150 
 0.7681   0.6629   0.5955   0.5604   0.5530   0.5631   0.8212   1.0538   1.0275   1.0358   3.4779   6.4858   5.4018   1.7218   2.0892   2.1238   2.0496   2.0544   1.7279   1.7064   5.1096   7.5163   7.7600   8.3275   10.5355   0.3404 
  DB STEP 81   LABELS   0.4000  -0.2115    0.3998  0.0406 
 0.7456   0.6325   0.5689   0.5328   0.5228   1.0044   0.9766   0.9123   0.8828   0.8892   3.9708   6.4911   6.4908   1.5707   1.8046   2.0069   1.9545   1.9434   1.9853   1.5119   2.7135   7.4877   7.7370   8.2528   10.3644   0.3306 
  DB STEP 82   LABELS   0.4000  0.3250    0.3901  0.0724 
 0.6400   0.5658   0.5636   1.0242   0.9538   0.8334   0.7660   0.7316   0.7276   4.5684   6.7292   6.4901   3.9729   1.3398   1.7495   1.8504   1.8190   1.8512   1.9123   1.4999   4.3534   7.6432   8.0172   8.7612   10.1749   0.3906 
  DB STEP 83   LABELS   0.4000  0.1070    0.3993  0.1576 
 0.6506   0.8804   1.0878   0.8501   0.7114   0.6306   0.5818   0.5719   7.3861   7.2597   6.7193   6.4754   2.6279   1.1270   1.5460   1.6813   1.6739   1.7164   1.8359   1.6695   2.8440   7.7242   8.1918   9.0682   9.9714   0.4252 
  DB STEP 84   LABELS   0.4000  0.0554    0.3999  0.0770 
 0.9353   1.1581   0.8714   0.6542   0.5379   0.4754   0.9699   8.6718   8.2212   7.2691   6.7314   6.4838   3.7796   0.9170   1.1359   1.4721   1.5325   1.5603   1.6604   1.8080   1.5827   3.7505   8.0912   8.8856   9.7873   0.4178 
  DB STEP 85   LABELS   0.4000  -0.2814    0.4127  -0.2722 
 1.0678   1.2226   0.7563   0.5025   0.3869   1.0503   4.2509   7.8551   8.1600   7.2694   6.7357   6.4910   6.4803   3.5783   0.7631   0.7774   1.2655   1.4069   1.4545   1.5524   1.7364   1.7462   1.5040   8.0420   9.5963   0.3503 
  DB STEP 86   LABELS   0.4000  -0.3597    0.4016  -0.2082 
 1.1955   1.1691   0.4389   0.3729   2.7207   6.7459   3.5929   7.3986   7.9289   7.2630   6.7281   6.4832   6.4865   6.7220   3.4866   0.6650   0.5648   0.9548   1.3113   1.3921   1.5157   1.7346   1.8184   1.5999   9.4188   0.3013 
  DB STEP 87   LABELS   0.4000  -0.2282    0.4077  -0.2114 
 1.0152   0.4209   0.9951   3.3104   2.8367   6.5902   4.6899   6.2003   7.6006   7.2496   6.7153   6.4731   6.4731   6.7086   7.2396   5.4393   0.5840   0.5422   0.4549   0.8714   1.3517   1.5064   1.7728   1.9206   9.2189   0.2552 
  DB STEP 88   LABELS   0.4000  -0.2310    0.3988  -0.1131 
 0.6200   1.1404   2.6854   3.3263   2.8950   6.6832   5.0917   5.8351   7.2878   7.2657   6.7326   6.4867   6.4837   6.7253   7.2534   7.7121   4.8006   2.7816   0.4766   0.4846   0.4699   0.4424   1.4598   1.9174   8.9983   0.2219 
  DB STEP 89   LABELS   0.4000  -0.0803    0.4018  -0.1757 
 1.0738   1.6631   3.8012   3.2900   3.3178   6.6293   4.8274   6.2604   7.0899   7.2539   6.7342   6.4900   6.4831   6.7246   7.2540   8.1472   5.5342   3.5606   2.7593   1.9952   0.4458   0.4910   0.5205   0.7044   8.8182   0.2050 
  DB STEP 90   LABELS   0.4000  -0.1305    0.3991  -0.0126 
 1.3677   3.3725   3.7829   3.1774   3.9650   6.5657   4.3446   6.5175   6.8640   7.1849   6.7327   6.4876   6.4875   6.7287   7.2524   8.1898   6.9011   4.0984   2.9840   2.7268   3.0082   2.8975   0.5187   0.5558   8.5983   0.1849 
  DB STEP 91   LABELS   0.4000  0.0000    0.4007  -0.0683 
 2.2800   4.5629   3.6356   2.8302   5.4132   6.3217   4.1470   6.4277   6.7761   7.1490   6.7277   6.4866   6.4822   6.7237   7.2502   8.1839   7.1768   4.2551   3.1300   2.6449   3.0047   4.8411   7.0230   0.6486   8.4192   0.1854 
  DB STEP 92   LABELS   0.4000  0.0000    0.3999  0.0424 
 5.0215   4.2525   3.4019   3.1554   6.6814   3.8211   5.5079   6.3490   6.7262   7.1313   6.7299   6.4869   6.4862   6.7275   7.2537   8.1714   7.0660   4.3009   3.2228   2.6650   2.9160   4.3220   8.6144   1.8902   8.2200   0.1933 
  DB STEP 93   LABELS   0.4000  0.0000    0.3992  0.1733 
 4.9794   3.7454   2.6736   6.3830   4.2737   3.8789   6.1373   6.3370   6.8035   7.1914   6.7335   6.4926   6.4862   6.7315   7.2524   8.1947   6.1095   4.0547   3.1523   2.6616   2.8809   4.2826   8.6430   2.2704   8.0006   0.2228 
  DB STEP 94   LABELS   0.4000  0.0000    0.3979  0.2657 
 4.5025   3.1558   4.5600   5.8465   2.3482   5.3624   6.0730   6.3168   6.8373   7.2160   6.7334   6.4866   6.4823   6.7248   7.2508   8.1874   5.6619   3.9859   3.1671   2.6861   2.7879   3.9468   8.6950   2.8114   7.8005   0.2419 
  DB STEP 95   LABELS   0.4000  0.0326    0.3991  -0.0037 
 4.1766   2.7609   6.6805   2.6865   3.3207   5.9090   6.0098   6.2795   6.8359   7.2196   6.7329   6.4841   6.4838   6.7218   7.2545   8.1761   5.5511   3.9869   3.2082   2.7379   2.6504   3.4326   8.4076   3.3951   7.6008   0.2549 
  DB STEP 96   LABELS   0.4000  -0.1329    0.4001  0.0784 
 3.7925   3.7353   5.4226   2.2961   4.0988   5.8857   5.9323   6.1978   6.7482   7.2103   6.7509   6.5087   6.5107   6.7585   7.2883   8.0944   5.9280   4.1172   3.3309   2.8376   2.5897   3.0672   7.7598   4.3680   7.4007   0.2563 
  DB STEP 97   LABELS   0.4000  0.0000    0.4058  -0.0358 
 3.6627   4.5339   3.5292   2.5918   4.3998   5.8169   5.8313   6.0647   6.5651   7.1147   6.7293   6.4849   6.4873   6.7244   7.2254   7.7815   6.8750   4.4021   3.5216   3.0060   2.6871   2.7977   5.4812   5.6601   7.2005   0.2454 
  DB STEP 98   LABELS   0.4000  -0.1510    0.3993  0.0236 
 3.5768   5.2671   2.1525   2.8249   4.5879   5.7557   5.7431   5.9444   6.3976   7.0038   6.7098   6.4647   6.4715   6.7102   7.1449   7.3804   7.6558   4.6955   3.7131   3.1692   2.8015   2.6414   3.2475   6.7056   7.0201   0.2343 
  DB STEP 99   LABELS   0.4000  0.0000    0.4032  -0.0485 
 3.5247   4.1201   2.3048   3.0483   4.7446   5.6858   5.6422   5.8088   6.2157   6.8739   6.7303   6.4866   6.4872   6.7220   7.0167   7.1578   8.1430   5.0702   3.9521   3.3405   2.9606   2.7405   2.9864   5.4923   6.8202   0.2205 
  DB STEP 100   LABELS   0.4000  -0.1241    0.4000  0.0275 
 3.3117   3.2621   2.5547   3.3614   5.0476   5.6003   5.5464   5.7005   6.0892   6.7511   6.6964   6.4570   6.4535   6.6899   6.8533   6.9612   8.1042   5.4692   4.1315   3.4778   3.1004   2.8448   2.7970   4.6922   6.6201   0.2153 
  DB STEP 101   LABELS   0.4000  0.0000    0.4013  0.0159 
 3.3425   2.6291   2.7269   3.5245   5.0977   5.5267   5.4475   5.5576   5.8992   6.5350   6.7579   6.5215   6.5195   6.7210   6.6797   6.7514   7.6530   6.4165   4.4244   3.6847   3.2573   2.9923   2.8631   3.3047   6.4199   0.1991 
  DB STEP 102   LABELS   0.4000  -0.1066    0.4047  -0.0757 
 3.2330   2.4946   2.9479   3.7733   5.2418   5.4324   5.3300   5.4246   5.7361   6.3199   6.7154   6.4867   6.4842   6.6511   6.4977   6.5360   6.9845   7.2701   4.6989   3.8888   3.4194   3.1517   2.9817   3.0806   6.2005   0.1869 
  DB STEP 103   LABELS   0.4000  0.0246    0.4001  0.0071 
 3.0458   2.6678   3.1436   3.9991   5.3495   5.3497   5.2389   5.3244   5.6133   6.1729   6.6934   6.5012   6.4995   6.6522   6.3410   6.3761   6.6468   7.6280   4.9059   4.0398   3.5436   3.2614   3.0873   3.0617   6.0211   0.1796 
  DB STEP 104   LABELS   0.4000  0.0000    0.4018  0.0057 
 2.8243   2.9010   3.4177   4.3538   5.4447   5.2326   5.1289   5.2070   5.4949   6.0469   6.6385   6.4889   6.4824   6.5991   6.1540   6.1859   6.4504   7.6372   5.1908   4.1810   3.6711   3.3779   3.2236   3.1739   5.8022   0.1767 
  DB STEP 105   LABELS   0.4000  0.0516    0.3983  0.0127 
 2.7911   3.1070   3.6627   4.6613   5.4244   5.1300   5.0262   5.1002   5.3792   5.9155   6.5983   6.5053   6.5037   6.5837   5.9830   6.0074   6.2671   7.4296   5.6007   4.3206   3.7877   3.4903   3.3395   3.2796   5.6032   0.1731 
  DB STEP 106   LABELS   0.4000  0.0000    0.4031  -0.0839 
 2.9892   3.3419   3.9530   5.0362   5.3032   5.0136   4.9209   5.0123   5.2950   5.8381   6.5480   6.4750   6.4700   6.4957   5.8086   5.8468   6.1086   7.2650   5.8646   4.4098   3.8804   3.5799   3.4391   3.3889   5.4044   0.1744 
  DB STEP 107   LABELS   0.4000  0.0910    0.4002  0.0157 
 3.2001   3.5834   4.2569   5.2816   5.1709   4.8992   4.8187   4.9175   5.2074   5.7579   6.5067   6.4664   6.4636   6.4258   5.6313   5.6825   5.9490   7.0255   6.0686   4.5061   3.9774   3.6758   3.5386   3.5019   5.2052   0.1766 
  DB STEP 108   LABELS   0.4000  -0.0131    0.4002  -0.0871 
 3.3643   3.7595   4.4395   5.3549   5.0960   4.8109   4.7149   4.7987   5.0687   5.5841   6.3889   6.4831   6.4829   6.5115   5.4953   5.4973   5.7358   6.6288   6.6638   4.6898   4.1232   3.7977   3.6447   3.6146   5.0064   0.1648 
  DB STEP 109   LABELS   0.4000  0.0974    0.3999  0.0841 
 3.5878   4.0298   4.7893   5.3928   4.9460   4.6930   4.6172   4.7137   4.9978   5.5332   6.3853   6.5285   6.5231   6.4298   5.3049   5.3328   5.5881   6.3941   6.8289   4.7466   4.1946   3.8839   3.7402   3.7269   4.8074   0.1706 
  DB STEP 110   LABELS   0.4000  -0.0176    0.4016  -0.0609 
 3.7521   4.1913   4.9523   5.3611   4.8699   4.6036   4.5155   4.5940   4.8597   5.3535   6.1855   6.4855   6.4826   6.5617   5.1937   5.1494   5.3771   5.8477   7.1623   5.1440   4.3462   4.0113   3.8489   3.8329   4.6085   0.1573 
  DB STEP 111   LABELS   0.4000  0.0000    0.4003  0.0921 
 3.9709   4.4562   5.2652   5.2038   4.7330   4.4872   4.4193   4.5062   4.7769   5.2846   6.1010   6.4320   6.4703   6.4845   5.0227   4.9838   5.2220   5.7004   7.0112   5.4725   4.4261   4.0982   3.9466   3.9398   4.4096   0.1605 
  DB STEP 112   LABELS   0.4000  0.0000    0.4017  -0.0644 
 4.1704   4.6844   5.4283   5.0793   4.6208   4.3846   4.3182   4.4097   4.6764   5.1769   5.9621   6.3266   6.4661   6.5527   4.8775   4.8096   5.0423   5.5096   6.7926   5.8599   4.5292   4.1957   4.0425   4.0408   4.2108   0.1567 
  DB STEP 113   LABELS   0.4000  -0.0676    0.4013  0.0804 
 4.3644   4.9130   5.5005   4.9451   4.5106   4.2866   4.2286   4.3280   4.5968   5.0994   5.8503   6.2680   6.4698   6.5402   4.7356   4.6575   4.8929   5.3609   6.6170   6.1311   4.6045   4.2752   4.1287   4.1333   4.0322   0.1563 
  DB STEP 114   LABELS   0.4000  0.0000    0.3996  0.1255 
 4.6140   5.2230   5.4430   4.7693   4.3728   4.1735   4.1370   4.2500   4.5392   5.0652   5.7435   6.2917   6.5128   6.4904   4.5434   4.5013   4.7469   5.2244   6.4549   6.2922   4.6639   4.3473   4.2188   4.2388   3.8332   0.1631 
  DB STEP 115   LABELS   0.4000  0.0733    0.3985  -0.0446 
 4.8477   5.4971   5.2838   4.6313   4.2542   4.0739   4.0524   4.1670   4.4650   4.9984   5.5968   6.2565   6.4729   6.4351   4.3778   4.3277   4.5766   5.0552   6.2601   6.5392   4.7392   4.4278   4.3034   4.3396   3.6339   0.1648 
  DB STEP 116   LABELS   0.4000  0.0000    0.4000  0.0496 
 5.1248   5.6810   5.0554   4.4648   4.1278   3.9709   3.9668   4.1055   4.4274   4.9870   5.4420   6.4033   6.5148   6.2955   4.1841   4.1643   4.4342   4.9234   6.1399   6.6305   4.7789   4.4920   4.3929   4.4516   3.4345   0.1738 
  DB STEP 117   LABELS   0.4000  0.0000    0.4011  0.0556 
 5.3954   5.7006   4.8763   4.3259   4.0188   3.8806   3.8915   4.0403   4.3692   4.9444   5.3055   6.4694   6.4651   6.1345   4.0064   3.9959   4.2753   4.7710   5.9704   6.7839   4.8327   4.5644   4.4772   4.5465   3.2344   0.1809 
  DB STEP 118   LABELS   0.4000  0.0626    0.4002  -0.0553 
 5.6607   5.5990   4.7176   4.1987   3.9163   3.7949   3.8160   3.9784   4.3150   4.8722   5.3313   6.4853   6.4853   6.0953   3.8387   3.8259   4.0970   4.5956   5.7304   6.9079   4.9411   4.6292   4.5531   4.6451   3.0346   0.1864 
  DB STEP 119   LABELS   0.4000  0.1305    0.3977  0.0463 
 5.9356   5.3418   4.5371   4.0715   3.8136   3.7123   3.7475   3.9316   4.2929   4.7960   5.5234   6.4859   6.4820   5.8774   3.6523   3.6594   3.9450   4.4504   5.5863   6.9428   5.0244   4.6891   4.6336   4.7524   2.8344   0.1985 
  DB STEP 120   LABELS   0.4000  -0.0871    0.3985  0.1319 
 6.0439   5.0807   4.3540   3.9308   3.7024   3.6295   3.6868   3.8851   4.2709   4.6606   5.8099   6.5036   6.4820   5.4897   3.4512   3.4758   3.7737   4.2878   5.3832   6.9730   5.2211   4.7503   4.7201   4.8676   2.6141   0.2145 
  DB STEP 121   LABELS   0.4000  -0.0531    0.4040  0.0368 
 6.0822   4.9916   4.2734   3.8614   3.6353   3.5605   3.6128   3.8083   4.1822   4.4871   5.8738   6.4911   6.4520   5.5683   3.3199   3.2709   3.5516   4.0364   4.8827   6.7261   5.8238   4.8224   4.7896   4.9338   2.4140   0.2167 
  DB STEP 122   LABELS   0.4000  0.0000    0.3974  -0.1060 
 6.0519   4.8869   4.1880   3.7838   3.5713   3.5005   3.5519   3.7452   4.1166   4.3311   6.0551   6.4734   6.4042   5.5600   3.2076   3.1009   3.3679   3.8303   4.6420   6.4189   6.3525   4.8802   4.8547   5.0055   2.2341   0.2211 
  DB STEP 123   LABELS   0.4000  0.0870    0.4002  0.0364 
 5.9057   4.7322   4.0691   3.6861   3.4855   3.4221   3.4801   3.6777   4.0368   4.1311   6.3592   6.3799   6.3270   5.4422   3.0585   2.8985   3.1488   3.5969   4.3747   6.0618   6.7738   4.9499   4.9345   5.0957   2.0143   0.2316 
  DB STEP 124   LABELS   0.4000  -0.1086    0.3997  0.0805 
 5.7724   4.6311   3.9878   3.6174   3.4217   3.3625   3.4234   3.6212   3.9405   3.9687   6.6365   6.2865   6.3172   5.4125   2.9541   2.7348   2.9662   3.3842   4.1212   5.7430   7.1324   5.0078   4.9921   5.1638   1.8345   0.2395 
  DB STEP 125   LABELS   0.4000  0.0000    0.4030  0.0425 
 5.7302   4.5801   3.9312   3.5595   3.3594   3.2939   3.3504   3.5352   3.8033   3.8942   6.7103   6.1945   6.2859   5.3980   3.0135   2.5799   2.7305   3.1088   3.7790   5.2307   7.4502   5.2307   5.0590   5.2230   1.6346   0.2440 
  DB STEP 126   LABELS   0.4000  0.0000    0.4007  -0.1368 
 5.7233   4.5422   3.8825   3.5000   3.2967   3.2234   3.2666   3.4426   3.6609   3.8353   6.7326   6.1516   6.2358   5.3452   3.3370   2.4638   2.5016   2.8316   3.4228   4.5665   7.2447   5.9416   5.1228   5.2801   1.4351   0.2451 
  DB STEP 127   LABELS   0.4000  0.0700    0.3971  -0.0142 
 5.6015   4.4454   3.7977   3.4265   3.2259   3.1560   3.1955   3.3673   3.5032   4.0240   6.7321   6.0184   6.1427   5.2307   3.4775   2.3660   2.2916   2.5963   3.1295   4.1398   6.6445   6.9867   5.1954   5.3445   1.2354   0.2552 
  DB STEP 128   LABELS   0.4000  0.1938    0.3995  0.0759 
 5.1631   4.1714   3.6126   3.2919   3.1257   3.0798   3.1513   3.3228   3.2858   5.2926   6.7305   5.5340   6.3363   4.8072   3.0985   2.2101   2.1248   2.4043   2.9533   4.0196   6.8415   7.0867   5.2831   5.4802   1.0168   0.2955 
  DB STEP 129   LABELS   0.4000  -0.0915    0.3997  0.1543 
 4.8865   3.9933   3.4851   3.1955   3.0475   3.0165   3.0998   3.2146   3.0907   6.2895   6.6732   5.2172   6.2313   4.6169   2.9280   2.0863   1.9762   2.2022   2.7408   3.7943   6.7680   7.4490   5.3629   5.5980   0.8191   0.3413 
  DB STEP 130   LABELS   0.4000  -0.0903    0.3985  0.2597 
 4.5988   3.8129   3.3643   3.1068   2.9846   2.9788   3.0802   3.0430   3.2927   7.2526   6.2741   5.1742   5.8539   4.4366   2.6185   1.9569   1.8576   2.0362   2.5696   3.6761   7.1218   7.3975   5.4376   5.7166   0.6441   0.4195 
  DB STEP 131   LABELS   0.4000  -0.0847    0.4062  0.0669 
 4.5399   3.7585   3.3061   3.0509   2.9318   2.9199   2.9878   2.8490   3.6638   7.2675   6.0587   5.0055   5.9460   4.2273   2.8913   1.8395   1.7425   1.7600   2.1733   3.0886   5.8744   8.6456   5.4958   5.7657   0.4372   0.5585 
  DB STEP 132   LABELS   0.4000  0.0087    0.3997  0.0136 
 4.2854   3.5939   3.1950   2.9699   2.8737   2.8766   2.8356   2.6394   5.2555   7.1914   5.4028   5.2439   5.5690   4.0410   2.6785   1.7111   1.6277   1.6137   1.9288   2.8379   5.9925   9.1098   5.5738   5.8947   0.2702   0.8956 
  DB STEP 133   LABELS   0.3859  0.0847    0.3997  0.0628 
 4.1022   3.4729   3.1105   2.9108   2.8327   2.8436   2.6624   2.5648   6.6730   6.9336   4.8923   5.5317   5.0826   3.8811   2.4887   1.6125   1.5336   1.5252   1.7352   2.6250   6.2821   9.1416   5.6445   6.0052   0.1960   1.5169 
  DB STEP 134   LABELS   0.2842  0.0414    0.3014  0.0582 
 3.9670   3.3898   3.0514   2.8690   2.8046   2.7598   2.5057   3.0662   7.6712   6.6345   4.4772   5.7930   4.7310   3.7307   2.3779   1.5384   1.4469   1.4479   1.5644   2.3775   6.3442   9.1676   5.7034   6.0954   0.2251   2.2024 
  DB STEP 135   LABELS   0.1815  0.1678    0.2218  0.0378 
 3.8711   3.3268   3.0117   2.8433   2.7903   2.6779   2.4215   3.5076   8.2168   6.3492   4.2058   6.1351   4.4090   3.6263   2.2540   1.4892   1.4016   1.4085   1.4977   2.2833   6.7467   8.7821   5.7492   6.1697   0.2671   2.4294 
  DB STEP 136   LABELS   0.1444  0.0000    0.1510  0.0014 
 2.1069   2.9061   3.0057   2.8390   2.7794   2.6319   2.3761   3.7331   9.8844   8.1453   4.1810   6.6110   4.6012   3.6138   2.3224   1.4878   1.3644   1.3709   1.4251   2.0216   5.7242   5.5610   2.9718   2.0973   2.6540   0.6192 
  DB STEP 137   LABELS   0.4000  -0.5101    0.3398  -0.2590 
 5.0272   3.9406   3.3395   2.9910   2.8007   2.7159   2.4478   2.2080   3.9798   9.6474   8.1408   4.0881   5.8304   5.1039   3.3892   2.8005   1.6946   1.2765   1.2394   1.2793   1.3754   2.7441   10.2473   5.9911   2.4577   0.5447 
  DB STEP 138   LABELS   0.4000  -0.2818    0.4037  -0.2950 
 6.2421   4.4843   3.6063   3.1106   2.8238   2.6741   2.4682   2.1224   3.0887   5.5499   7.7845   5.3583   3.5436   6.3306   4.4691   3.2211   2.6546   1.7172   1.3031   1.1748   1.2241   1.3310   2.8608   10.7504   2.2665   0.5036 
  DB STEP 139   LABELS   0.4000  -0.2173    0.4013  -0.2384 
 6.7163   4.6260   3.6339   3.0882   2.7708   2.5928   2.3135   1.9572   2.8693   4.6970   6.7310   5.5938   3.6282   5.1139   5.5907   3.0279   3.0119   2.1175   1.5552   1.2667   1.1573   1.2431   1.4002   9.1144   2.0709   0.5008 
  DB STEP 140   LABELS   0.4000  -0.0481    0.3963  -0.1162 
 6.4992   4.4610   3.5013   2.9703   2.6629   2.4751   2.0664   1.7792   3.6896   4.5377   6.7305   5.4871   3.4881   4.6341   6.0694   2.8813   2.9671   2.3522   1.7253   1.4011   1.2199   1.1989   1.3467   4.9652   1.8952   0.5196 
  DB STEP 141   LABELS   0.4000  -0.1170    0.4003  -0.0131 
 6.5537   4.4058   3.4165   2.8785   2.5667   2.2977   1.8183   1.6750   4.1292   4.4362   6.7322   5.5565   3.4960   3.8147   5.9191   3.6574   2.7912   2.6534   1.9565   1.5818   1.3622   1.2362   1.2722   1.5047   1.7003   0.5347 
  DB STEP 142   LABELS   0.4000  -0.1146    0.3992  0.0191 
 7.0444   4.5028   3.4103   2.8278   2.4915   2.1136   1.6024   1.6099   4.3165   3.8000   6.7271   5.8670   3.7059   2.7042   5.5741   4.9692   2.5929   2.7406   2.2892   1.8131   1.5455   1.3910   1.3031   1.3875   1.5054   0.5420 
  DB STEP 143   LABELS   0.4000  -0.1094    0.4006  -0.2123 
 7.4203   4.5498   3.3670   2.7508   2.4004   1.8448   1.4046   1.5905   4.7202   3.3784   6.7287   6.1524   3.8685   2.5969   4.3585   5.5528   3.1605   2.5492   2.5771   2.0631   1.7367   1.5456   1.4462   1.3991   1.3096   0.5550 
  DB STEP 144   LABELS   0.4000  -0.1072    0.4020  -0.1574 
 8.8393   5.3598   3.6414   2.8390   2.4012   1.7686   1.2921   1.4556   4.2225   3.2285   5.3818   6.4907   4.9798   3.0421   2.3301   4.8980   5.4179   2.6366   2.4789   2.5106   2.0683   1.7927   1.6313   1.5469   1.1125   0.5377 
  DB STEP 145   LABELS   0.4000  -0.2467    0.4008  -0.1757 
 9.4458   6.2548   3.8448   2.8575   2.3416   1.4756   1.1919   1.3465   4.2468   3.4335   3.9730   6.4869   6.0683   3.5910   2.3518   2.4349   5.2533   5.2420   2.2327   2.4603   2.4692   2.0917   1.8671   1.7454   0.8938   0.5227 
  DB STEP 146   LABELS   0.4000  0.0384    0.4005  -0.0165 
 8.1430   4.4253   3.0277   2.3698   1.3061   1.1372   1.2478   4.0975   3.9929   2.5187   5.9972   6.4693   4.8188   2.9499   2.0506   2.6939   5.1358   5.0861   2.1725   2.4513   2.4684   2.1418   1.9561   1.8640   0.6960   0.5974 
  DB STEP 147   LABELS   0.4000  0.3199    0.3989  0.3146 
 4.4259   2.9360   1.9525   1.0895   1.1447   2.4712   4.5300   3.4124   2.4138   6.0423   6.7307   5.2432   3.0366   1.9998   1.8040   4.1244   5.1125   3.6521   2.2062   2.5285   2.3331   2.1127   1.9986   1.9627   0.5076   0.7826 
  DB STEP 148   LABELS   0.4000  0.3688    0.3991  0.3672 
 2.9136   1.2123   1.1381   1.1871   4.3972   4.4555   2.7290   2.3784   5.8567   7.2039   5.7716   3.0291   1.9808   1.6544   2.4856   4.9203   4.9255   2.1410   2.3081   2.4840   2.2421   2.1076   2.0544   2.0768   0.3676   1.1188 
  DB STEP 149   LABELS   0.3749  0.3368    0.3963  0.3288 
 1.2088   1.2083   3.1911   4.6128   4.4060   1.8556   2.3990   5.9190   7.6591   6.0369   2.9488   1.9267   1.4924   1.4644   4.1841   4.9323   3.3456   2.0041   2.4265   2.3472   2.1873   2.1219   2.1349   2.2301   0.3050   1.7062 
  DB STEP 150   LABELS   0.2779  0.2393    0.2769  0.2316 
 1.2573   2.9469   4.7824   4.4707   2.3857   2.1427   4.3111   7.0937   7.0365   4.0776   2.3446   1.5136   1.3642   1.7863   4.6954   4.6816   2.6100   2.0294   2.4283   2.2898   2.1768   2.1432   2.1950   2.3726   0.3275   2.0887 
  DB STEP 151   LABELS   0.2050  0.1707    0.2173  0.1521 
 1.8692   5.0741   4.6216   3.3453   1.9321   2.4861   6.2149   7.5104   6.0414   2.7938   1.7793   1.3086   1.2679   2.5812   4.7115   4.3039   2.1668   2.0726   2.4090   2.2483   2.1671   2.1709   2.2524   2.9547   0.3740   2.3387 
  DB STEP 152   LABELS   0.0000  0.0000    0.1353  0.2378 
 2.6842   4.9812   4.5678   2.8158   2.0095   3.1335   6.2985   7.5648   5.5676   2.6322   1.6277   1.2820   1.2538   3.1192   4.7483   4.1035   1.9248   2.1319   2.3920   2.2344   2.1674   2.1809   2.2777   3.7759   5.3201   1.0321 
  DB STEP 153   LABELS   0.2097  -0.3988    0.0232  -0.2014 
 1.4444   3.8868   5.1500   4.6463   2.3907   2.0165   2.9462   6.0858   7.3787   6.0239   2.6464   1.6342   1.1374   1.0839   1.0862   4.1336   4.4844   3.2913   1.6924   2.2056   2.3173   2.2166   2.2059   2.2680   5.2090   0.9342 
  DB STEP 154   LABELS   0.4000  -0.8385    0.4248  -0.7347 
 5.2591   1.5796   2.1977   5.9737   5.0851   3.8317   1.7599   2.0463   3.4289   5.9330   7.1896   5.8218   2.4938   1.5770   1.0231   0.9108   0.9108   1.0591   4.5093   3.7580   2.5755   1.8181   2.3852   2.3325   5.0388   0.7642 
  DB STEP 155   LABELS   0.4000  -0.7427    0.4025  -0.6445 
 10.7334   5.7263   1.6018   2.6639   6.1952   5.1488   3.2145   1.6673   1.9022   2.6958   5.6424   6.1464   6.2996   3.1801   1.9525   1.1956   0.8731   0.7850   0.8034   0.8538   2.7441   3.4916   2.4831   2.0152   4.8462   0.6562 
  DB STEP 156   LABELS   0.4000  -0.2527    0.3890  -0.2767 
 10.9875   7.8073   1.6601   1.7774   6.5022   5.5442   3.6899   1.5053   1.6567   1.9327   4.0922   5.5646   6.2889   6.1433   2.2455   1.7897   1.1812   0.8889   0.7378   0.7160   0.7752   0.8736   3.0563   2.8309   4.6490   0.6028 
  DB STEP 157   LABELS   0.4000  -0.1630    0.4016  -0.0626 
 11.8916   6.3938   1.6465   1.9379   6.9842   5.7003   2.9010   1.3904   1.5102   1.7179   3.1381   5.2558   5.8388   6.2232   4.3459   1.9785   1.5241   1.0981   0.8854   0.7597   0.6965   0.7395   0.8697   2.2445   4.4510   0.5727 
  DB STEP 158   LABELS   0.4000  -0.1508    0.4019  -0.1124 
 11.7135   2.1411   1.6971   4.0448   7.1004   4.6755   1.2454   1.2993   1.4163   1.6049   3.2778   5.0583   5.6508   6.1606   5.4806   1.8999   1.6577   1.2393   1.0002   0.8633   0.7823   0.7434   0.7710   0.9675   4.2535   0.5672 
  DB STEP 159   LABELS   0.4000  0.0431    0.3994  0.0719 
 6.0611   1.7177   2.1720   7.3020   5.3360   1.1653   1.1824   1.2421   1.3544   1.5581   4.2291   4.9248   5.7561   5.8205   5.7396   1.7731   1.6202   1.3074   1.0633   0.9283   0.8544   0.8168   0.8036   0.8961   4.0553   0.5791 
  DB STEP 160   LABELS   0.4000  0.1900    0.3991  0.1896 
 1.8339   2.1345   5.9993   4.6547   1.1169   1.0986   1.1291   1.1994   1.3338   2.8141   4.5865   4.8430   6.0216   5.2838   5.4997   1.6214   1.5075   1.3002   1.0893   0.9715   0.9034   0.8728   0.8733   0.9126   3.8559   0.6076 
  DB STEP 161   LABELS   0.4000  0.0000    0.4012  0.0184 
 2.0103   3.4193   4.5450   1.0977   1.0497   1.0423   1.0718   1.1477   1.2844   3.5921   4.4259   4.6877   5.9816   5.0470   6.3562   1.6683   1.4131   1.3327   1.1465   1.0252   0.9602   0.9288   0.9359   0.9792   3.6569   0.6178 
  DB STEP 162   LABELS   0.4000  0.2595    0.3950  0.1660 
 2.4458   3.0233   1.1034   1.0280   0.9977   0.9997   1.0440   1.1302   2.2839   4.1788   4.3201   4.9777   5.6297   5.2843   6.1026   1.7250   1.2876   1.2614   1.1566   1.0464   0.9920   0.9730   0.9968   1.0547   3.4586   0.6520 
  DB STEP 163   LABELS   0.4000  0.0299    0.3992  0.1186 
 2.0664   1.1696   1.0470   0.9780   0.9524   0.9611   1.0089   1.1765   3.1563   4.0137   4.1643   5.0101   5.3315   5.2065   5.9644   3.8884   1.1799   1.1648   1.1698   1.0843   1.0294   1.0192   1.0421   1.1051   3.2615   0.6672 
  DB STEP 164   LABELS   0.4000  0.1097    0.3911  0.1316 
 1.2916   1.1057   0.9949   0.9370   0.9172   0.9300   1.0111   1.6927   3.8421   3.8599   4.0255   5.1016   4.9680   5.2067   5.7866   6.9896   1.0651   1.0548   1.0882   1.1109   1.0675   1.0555   1.0856   1.1669   3.0647   0.6910 
  DB STEP 165   LABELS   0.4000  0.0733    0.4014  -0.0299 
 1.2143   1.0454   0.9484   0.8975   0.8824   0.9400   1.3052   2.7305   3.6688   3.7056   3.8913   5.1421   4.6355   5.2671   5.5929   8.0592   4.8418   0.9468   0.9759   1.0564   1.0926   1.0917   1.1316   1.2104   2.8693   0.7160 
  DB STEP 166   LABELS   0.4000  0.0000    0.3965  0.0526 
 1.1771   1.0114   0.9178   0.8666   0.8983   1.1185   1.5724   3.1897   3.5054   3.5379   3.7036   4.9658   4.4934   4.8655   5.4356   7.7689   9.8146   3.1830   0.8567   0.9223   1.0404   1.1194   1.1597   1.2390   2.6745   0.7292 
  DB STEP 167   LABELS   0.4000  0.0000    0.4002  0.0504 
 1.1294   0.9712   0.8856   0.9124   1.0689   1.3426   2.1128   3.4251   3.3432   3.3806   3.5500   4.9219   4.2491   4.6303   5.3111   7.6234   9.8103   6.0260   1.8658   0.8017   0.8989   1.0796   1.1897   1.2813   2.4813   0.7539 
  DB STEP 168   LABELS   0.4000  0.0103    0.4017  -0.0716 
 1.0966   0.9443   0.9482   1.0421   1.2184   1.5253   2.7188   3.2659   3.1798   3.2093   3.3665   4.7635   4.1186   4.0780   5.4335   7.1326   9.8283   7.2207   3.6299   1.8180   0.7481   0.8929   1.1481   1.3089   2.2888   0.7721 
  DB STEP 169   LABELS   0.4000  0.1267    0.4006  -0.0117 
 1.0420   1.0168   1.0842   1.2047   1.4175   1.9837   3.2751   3.0824   3.0187   3.0563   3.2211   4.7675   3.8279   3.8977   5.2262   7.1063   9.8059   7.1313   3.8766   2.4001   1.6762   0.7626   0.9732   1.3366   2.0986   0.8101 
  DB STEP 170   LABELS   0.4000  -0.0592    0.3984  -0.0321 
 1.1120   1.1413   1.2138   1.3507   1.5887   2.7993   3.0985   2.9162   2.8559   2.8965   3.0564   4.6807   3.6431   3.3760   5.2839   6.6616   9.8390   7.9310   4.2877   2.7387   2.0388   1.6765   0.8939   1.1481   1.9101   0.8433 
  DB STEP 171   LABELS   0.4000  0.0000    0.4004  0.1023 
 1.2338   1.2741   1.3674   1.5326   2.3872   3.1777   2.8900   2.7378   2.6973   2.7507   3.3709   4.2741   3.3634   3.4421   5.0435   6.7933   9.8252   7.5826   4.3432   2.9058   2.2083   1.8361   1.6206   0.9566   1.7177   0.9030 
  DB STEP 172   LABELS   0.4000  0.0629    0.3986  0.0992 
 1.3659   1.4216   1.5288   1.9202   3.3689   2.9408   2.6959   2.5650   2.5458   2.6085   3.6652   3.8486   3.0843   3.3740   4.7859   6.9026   9.8017   7.3462   4.3808   3.0474   2.3597   1.9871   1.7692   1.4941   1.5411   0.9734 
  DB STEP 173   LABELS   0.4000  0.0568    0.3990  -0.0362 
 1.4992   1.5586   1.6858   3.1308   3.1456   2.7501   2.5251   2.4125   2.3939   2.4620   3.8136   3.5634   2.8739   2.7784   4.7136   6.5719   9.8237   7.7856   4.5111   3.2867   2.5597   2.1563   1.9285   1.8005   1.3727   1.0523 
  DB STEP 174   LABELS   0.4000  0.1054    0.3995  0.0891 
 1.6350   1.7083   2.6147   3.5281   2.9113   2.5590   2.3547   2.2599   2.2443   2.3195   4.0055   3.2692   2.6563   2.3183   4.6653   6.3119   9.8040   8.1924   4.5472   3.4873   2.7365   2.3200   2.0797   1.9479   1.2169   1.1547 
  DB STEP 175   LABELS   0.4000  0.0000    0.3949  -0.0850 
 1.7738   1.8529   4.1731   3.2734   2.7094   2.3827   2.1960   2.1077   2.0973   2.1913   4.1167   3.0148   2.4569   2.1302   4.3096   5.7359   9.8222   8.5688   4.8544   3.7266   2.9350   2.4915   2.2380   2.0941   1.0753   1.2808 
  DB STEP 176   LABELS   0.4000  0.0148    0.4002  -0.0473 
 1.9070   3.6485   4.2353   3.0826   2.5353   2.2258   2.0460   1.9619   1.9451   2.3401   3.9894   2.8244   2.2976   1.9830   3.6310   4.5676   9.7781   9.3416   5.5582   4.0694   3.1877   2.6954   2.4147   2.2565   0.9554   1.4337 
  DB STEP 177   LABELS   0.4000  0.0546    0.3868  -0.1387 
 2.0379   5.8963   3.8531   2.8651   2.3536   2.0596   1.8907   1.8105   1.7922   2.6878   3.7296   2.6230   2.1348   1.8377   2.8595   3.6974   9.5624   10.0519   6.2386   4.2889   3.4275   2.8920   2.5868   2.4136   0.8637   1.6234 
  DB STEP 178   LABELS   0.3661  0.0000    0.3663  -0.0326 
 3.0248   6.5421   3.6039   2.6787   2.2008   1.9248   1.7638   1.6860   1.6755   3.0488   3.4813   2.4416   1.9884   1.7108   1.8319   3.6357   9.2787   10.3896   6.9260   4.3653   3.6062   3.0472   2.7202   2.5408   0.8168   1.8051 
  DB STEP 179   LABELS   0.2677  -0.0540    0.2686  -0.0158 
 4.5487   6.5427   3.5172   2.5882   2.1092   1.8358   1.6796   1.6011   1.5821   3.1630   3.4248   2.3632   1.9149   1.6360   1.4817   2.9361   8.4031   10.8570   7.5053   4.4854   3.7994   3.1932   2.8402   2.6439   0.7998   1.9408 
  DB STEP 180   LABELS   0.1957  0.0000    0.1961  -0.0244 
 7.4795   5.4245   3.0943   2.3501   1.9499   1.7267   1.5944   1.5368   1.5721   3.9904   2.9734   2.1282   1.7650   1.5335   1.4031   3.1072   9.4714   10.0590   6.8491   4.3572   3.6884   3.1564   2.8405   2.6728   8.1511   0.4470 
  DB STEP 181   LABELS   0.0000  0.5857    -0.0191  0.4399 
 1.9932   2.3674   1.9848   1.7362   1.5873   1.5192   1.5231   3.7319   3.2109   2.2133   1.7970   1.5386   1.3851   2.4720   15.7314   11.1407   7.4548   4.8595   3.9045   3.2863   2.9283   2.7296   2.5770   1.9907   8.0896   0.2942 
  DB STEP 182   LABELS   0.4000  0.9772    0.3978  0.9069 
 1.8021   1.6044   1.4922   1.4739   3.7476   3.6536   2.2384   1.7070   1.4050   1.2327   1.1405   2.9491   18.1228   9.8189   6.7951   4.2302   3.7152   3.1987   2.8991   2.7431   2.6939   2.7450   2.7556   8.6338   7.9067   0.0795 
  DB STEP 183   LABELS   0.4000  0.7289    0.3953  0.8083 
 1.5500   1.6508   4.4017   3.7670   2.1113   1.5303   1.2232   1.0440   0.9516   2.6827   5.6280   6.4817   6.2305   5.0019   3.9366   3.3309   2.9631   2.7610   2.6742   2.6872   2.7983   4.1121   13.0619   14.1986   7.7106   0.0755 
  DB STEP 184   LABELS   0.4000  0.3849    0.3963  0.4354 
 2.8199   4.4740   3.5152   1.7668   1.2587   0.9925   0.8389   2.1318   2.6973   5.6627   6.7917   6.2752   5.2604   3.8551   3.3191   2.9297   2.7098   2.6122   2.6096   2.7004   2.7429   9.4653   17.0536   4.8523   7.5211   0.1618 
  DB STEP 185   LABELS   0.4000  0.2421    0.4005  0.1579 
 4.6007   4.2685   1.8790   1.1354   0.8210   0.7194   3.6325   3.1243   2.9409   7.1201   6.7281   5.9416   4.3639   3.5633   3.0468   2.7353   2.5647   2.5024   2.5243   2.6459   2.7741   10.1608   15.9508   4.3121   7.3213   0.2043 
  DB STEP 186   LABELS   0.4000  0.0530    0.4001  0.0005 
 4.6942   3.3853   1.1984   0.7216   0.7190   5.2232   4.4912   1.6045   4.0307   7.2644   6.7339   5.8016   4.0374   3.3839   2.9027   2.6130   2.4594   2.4015   2.4293   2.5586   2.7916   6.1180   17.6993   4.7740   7.1431   0.2233 
  DB STEP 187   LABELS   0.4000  -0.1684    0.4019  -0.1542 
 4.8053   3.0061   0.7721   0.7172   5.6325   5.3967   3.5222   1.6103   3.5002   7.1292   6.7744   5.7461   4.5423   3.3078   2.8905   2.5745   2.4000   2.3226   2.3362   2.4335   2.6389   2.7986   13.1874   11.1857   6.9823   0.2135 
  DB STEP 188   LABELS   0.4000  0.0000    0.4002  -0.2031 
 4.9176   1.4561   1.6036   5.2275   5.7621   5.3154   1.9226   1.7022   3.3414   6.8803   6.7310   5.7838   4.9047   3.1206   2.8543   2.5215   2.3318   2.2421   2.2429   2.3230   2.4993   2.8164   5.3321   15.9599   6.8016   0.2095 
  DB STEP 189   LABELS   0.4000  0.0000    0.3979  0.0445 
 0.9866   3.2878   5.0325   5.3333   5.7789   2.6095   1.3426   2.0619   3.8283   7.0884   6.7278   5.6191   4.7979   2.8979   2.7304   2.4128   2.2337   2.1513   2.1463   2.2304   2.4008   2.7137   2.9173   15.0834   6.6022   0.2254 
  DB STEP 190   LABELS   0.4000  -0.1082    0.4003  -0.0824 
 1.1929   4.3216   5.0650   5.3184   4.8336   1.1797   1.4127   2.0245   3.3968   6.6916   6.7267   5.9269   5.1090   2.8522   2.7210   2.3888   2.1865   2.0846   2.0642   2.1154   2.2645   2.5201   2.9471   9.3621   6.4204   0.2134 
  DB STEP 191   LABELS   0.4000  -0.2029    0.4011  -0.0797 
 1.7587   4.4684   5.1032   5.3127   2.1646   1.1385   1.5119   2.0038   3.1639   6.2839   6.7232   6.2701   5.0330   3.3119   2.5993   2.3711   2.1532   2.0362   2.0050   2.0367   2.1557   2.3765   2.7655   3.1070   6.2543   0.2049 
  DB STEP 192   LABELS   0.4000  0.0392    0.3984  -0.1537 
 2.2510   4.6475   5.1454   3.4612   1.0811   1.2585   1.5463   2.0090   3.0261   5.9098   6.7478   6.4986   4.5537   4.4137   2.3425   2.3524   2.1163   1.9872   1.9413   1.9605   2.0575   2.2552   2.5869   3.1354   6.0685   0.1985 
  DB STEP 193   LABELS   0.4000  0.0000    0.3986  -0.2572 
 2.5281   4.7092   4.9165   1.0841   1.1167   1.3234   1.5472   1.9661   2.8287   5.2921   6.7298   6.4691   4.8696   4.8864   2.3876   2.2834   2.1005   1.9549   1.8894   1.8924   1.9706   2.1356   2.4214   2.9209   5.8808   0.1869 
  DB STEP 194   LABELS   0.4000  -0.1032    0.4005  -0.1302 
 2.7927   4.8049   2.2290   1.0658   1.2191   1.3423   1.5557   1.9341   2.6920   4.7405   6.7326   6.4637   5.2021   5.2859   2.7974   2.0144   2.0901   1.9264   1.8461   1.8393   1.8968   2.0403   2.2855   2.7174   5.6904   0.1775 
  DB STEP 195   LABELS   0.4000  0.0000    0.3887  -0.1144 
 3.2636   2.9147   1.0939   1.1967   1.2627   1.3874   1.6070   1.9931   2.7519   4.8086   6.7266   6.4563   5.1494   4.7745   3.6517   1.8298   2.0098   1.8837   1.8094   1.7950   1.8502   1.9852   2.2231   2.6327   5.4991   0.1841 
  DB STEP 196   LABELS   0.4000  0.0000    0.4001  0.0162 
 3.1510   1.1660   1.2194   1.2354   1.2948   1.4140   1.6230   1.9882   2.6968   4.4821   6.7262   6.4804   5.3886   3.8303   4.5221   2.4135   1.7472   1.8569   1.7701   1.7512   1.7975   1.9152   2.1307   2.5063   5.3078   0.1815 
  DB STEP 197   LABELS   0.4000  0.0255    0.3961  0.0086 
 1.9187   1.2612   1.2581   1.2680   1.3253   1.4470   1.6522   2.0074   2.7020   4.4255   6.7265   6.4839   5.5894   3.2993   5.1618   2.7807   1.6465   1.7642   1.7359   1.7098   1.7484   1.8647   2.0657   2.4150   5.1169   0.1845 
  DB STEP 198   LABELS   0.4000  0.0772    0.3972  0.0729 
 1.3500   1.3236   1.2934   1.3118   1.3768   1.5138   1.7461   2.1508   2.9463   5.1117   6.7262   6.4863   4.9974   3.1218   5.2920   2.5761   2.3441   1.5120   1.6909   1.6799   1.7267   1.8472   2.0619   2.4364   4.9262   0.2104 
  DB STEP 199   LABELS   0.4000  0.0000    0.3996  0.0555 
 1.4570   1.3699   1.3371   1.3506   1.4223   1.5480   1.7832   2.1936   2.9866   5.1097   6.7248   6.4794   5.1308   2.8848   5.5917   2.4359   2.9504   2.2098   1.5333   1.6355   1.6828   1.7945   1.9990   2.3520   4.7096   0.2202 
  DB STEP 200   LABELS   0.4000  -0.0969    0.4063  -0.0180 
 1.4920   1.4048   1.3777   1.3930   1.4685   1.6155   1.8666   2.3066   3.1823   5.5765   6.7299   6.3735   4.7676   2.6850   5.2064   3.0376   2.6322   4.1598   1.8462   1.5968   1.6419   1.7608   1.9708   2.3368   4.5219   0.2419 
  DB STEP 201   LABELS   0.4000  -0.2105    0.4068  -0.1077 
 1.5478   1.4490   1.4145   1.4258   1.5012   1.6351   1.8796   2.3107   3.1398   5.4208   6.7300   6.4180   4.7972   2.7314   4.0443   5.0015   2.1135   3.3298   4.9980   1.1802   1.5972   1.7069   1.8974   2.2349   4.3361   0.2476 
  DB STEP 202   LABELS   0.4000  0.1362    0.3855  0.0238 
 1.5678   1.4836   1.4521   1.4758   1.5584   1.7156   1.9857   2.4654   3.4269   6.1382   6.7566   6.2125   4.4575   2.4216   3.7735   5.8331   1.8504   2.9812   5.1309   3.1033   1.1169   1.6845   1.8872   2.2437   4.1514   0.2791 
  DB STEP 203   LABELS   0.4000  0.1479    0.4015  0.1477 
 1.6140   1.5221   1.4959   1.5197   1.6068   1.7708   2.0499   2.5491   3.6441   6.2701   6.7488   6.0838   4.2918   2.3360   3.0011   6.4493   2.4259   2.3644   4.7928   5.2424   1.3566   1.2088   1.8373   2.1884   3.9883   0.2971 
  DB STEP 204   LABELS   0.4000  0.0283    0.3838  -0.0163 
 1.6633   1.5677   1.5437   1.5720   1.6624   1.8347   2.1316   2.6617   3.8627   6.6331   6.8241   5.9639   4.0745   2.2531   2.0468   6.1382   4.3633   1.6773   4.1877   5.1984   4.0594   1.3117   1.3333   2.1332   3.7891   0.3243 
  DB STEP 205   LABELS   0.4000  0.0240    0.3992  0.0604 
 1.7246   1.6270   1.5843   1.6039   1.6856   1.8461   2.1269   2.6174   3.7686   6.5535   7.0941   6.4216   4.0224   2.5566   1.7865   4.0818   5.9322   2.8201   2.4256   5.1433   5.2892   3.4138   1.3380   1.5471   3.6103   0.3315 
  DB STEP 206   LABELS   0.4000  0.0000    0.4055  0.0642 
 1.7578   1.6522   1.6215   1.6402   1.7290   1.9015   2.1956   2.7117   4.2861   6.4449   6.7287   5.9855   3.8079   2.5689   1.5743   2.8154   5.8593   4.8676   1.3648   4.8669   5.2698   5.3563   1.5659   1.3038   3.4494   0.3578 
  DB STEP 207   LABELS   0.4000  0.0000    0.3997  0.0747 
 1.7961   1.6978   1.6627   1.6924   1.7820   1.9646   2.2809   2.8176   5.0339   6.3191   6.7305   5.7049   3.6038   2.5944   1.3425   1.5792   5.3295   5.3182   3.2240   2.1972   5.2376   5.6243   3.5921   1.5492   3.2726   0.3915 
  DB STEP 208   LABELS   0.4000  -0.1114    0.4002  -0.0008 
 1.8557   1.7430   1.7091   1.7346   1.8287   2.0105   2.3195   3.0806   5.0343   6.3112   6.7712   5.7283   3.4121   2.6792   1.3913   1.2660   2.8339   5.2848   5.0582   2.8094   2.3573   5.5453   6.0110   2.0520   3.0808   0.4205 
  DB STEP 209   LABELS   0.4000  -0.1684    0.4060  -0.0677 
 1.9424   1.8067   1.7517   1.7591   1.8321   1.9924   2.2673   2.9671   4.8926   5.8030   6.7151   6.2566   3.4646   2.8701   2.0829   0.9726   1.1583   3.1690   5.0627   4.8370   1.8491   2.2984   5.9501   5.0835   2.9063   0.4275 
  DB STEP 210   LABELS   0.4000  -0.0978    0.4007  -0.1038 
 2.0166   1.8620   1.7853   1.7783   1.8308   1.9656   2.2084   2.8633   4.2774   5.5645   6.8295   6.5920   3.9947   2.9447   2.2047   1.7278   0.8149   1.0192   3.1431   4.9577   3.8598   1.6484   2.4399   6.1716   2.7306   0.4353 
  DB STEP 211   LABELS   0.4000  -0.1789    0.4001  -0.2061 
 2.1179   1.9260   1.8198   1.7836   1.8192   1.9198   2.1165   2.6081   3.5544   5.5149   6.3851   6.4309   5.2098   2.8519   2.4484   1.8474   1.5281   0.9450   0.8088   2.8198   4.9186   2.9390   1.6254   2.9592   2.5695   0.4310 
  DB STEP 212   LABELS   0.4000  -0.1287    0.4004  -0.1120 
 2.1670   1.9523   1.8323   1.7885   1.8106   1.8999   2.0780   2.7069   3.3856   5.4768   6.1275   6.2902   5.5611   2.8128   2.5270   1.9127   1.5654   1.3681   1.2332   0.6215   2.7740   4.0693   2.3137   1.5828   2.3890   0.4506 
  DB STEP 213   LABELS   0.4000  0.0303    0.3993  0.0282 
 2.1945   1.9660   1.8406   1.7906   1.8087   1.8903   2.0571   2.9427   3.3311   5.4840   5.9682   6.1668   5.6599   2.8301   2.4659   1.9576   1.5862   1.3800   1.2597   1.1985   0.9808   1.4063   2.9255   2.0214   2.2108   0.4814 
  DB STEP 214   LABELS   0.4000  -0.1509    0.4024  -0.1672 
 2.3149   2.0319   1.8707   1.7958   1.7822   1.8392   1.9657   2.7761   3.1099   5.3912   4.9790   6.2656   5.8151   4.0834   2.2770   2.1851   1.7256   1.4622   1.3100   1.2299   1.1938   1.1882   0.7944   1.4700   2.0314   0.4853 
  DB STEP 215   LABELS   0.4000  -0.3267    0.4003  -0.1045 
 2.4578   2.1024   1.8948   1.7931   1.7528   1.7746   1.8698   2.6102   3.0964   4.9023   4.2475   6.1384   5.6825   5.1652   2.9049   2.1605   1.9379   1.5942   1.3962   1.2852   1.2303   1.2221   1.2593   1.0705   1.8473   0.4866 
  DB STEP 216   LABELS   0.4000  -0.2414    0.4001  0.0101 
 2.5307   2.1325   1.9002   1.7703   1.7176   1.7257   1.7672   2.8062   2.9755   4.3798   4.3389   5.6066   5.7677   5.4175   3.7900   2.1648   2.0239   1.7191   1.4849   1.3476   1.2804   1.2576   1.2834   1.3580   1.6616   0.5057 
  DB STEP 217   LABELS   0.4000  -0.1897    0.4039  -0.1561 
 2.5143   2.1010   1.8640   1.7279   1.6654   1.6712   1.6699   3.3736   2.7250   4.5220   4.2165   5.2819   5.8094   5.2271   3.8018   3.2039   1.8527   1.8241   1.5635   1.4130   1.3335   1.3058   1.3293   1.4037   1.4765   0.5448 
  DB STEP 218   LABELS   0.4000  -0.1352    0.4078  -0.0276 
 2.5608   2.1072   1.8469   1.6993   1.6271   1.6125   1.9882   3.5838   2.5362   4.4214   4.2638   4.6088   6.0274   5.0279   4.4603   3.7135   2.1437   1.7955   1.6748   1.4961   1.4023   1.3614   1.3722   1.4363   1.2946   0.5854 
  DB STEP 219   LABELS   0.4000  0.0000    0.3991  -0.1517 
 2.5353   2.0692   1.8008   1.6494   1.5739   1.4870   3.6324   3.2781   2.2676   4.7576   4.0740   4.1087   6.2595   4.8399   4.6419   2.7638   4.4936   1.5290   1.7303   1.5757   1.4638   1.4195   1.4257   1.4854   1.1168   0.6506 
  DB STEP 220   LABELS   0.4000  0.0439    0.4000  0.0288 
 2.4003   1.9723   1.7222   1.5813   1.4684   2.5771   4.6810   2.7119   1.9377   6.0957   3.3160   4.2354   6.0995   4.6414   4.5220   2.7919   4.8172   2.5825   1.5924   1.6282   1.5152   1.4747   1.4840   1.5521   0.9477   0.7614 
  DB STEP 221   LABELS   0.4000  0.0962    0.3976  -0.0180 
 2.3021   1.8898   1.6545   1.5058   1.3977   5.4136   3.9819   2.1814   3.1309   6.1393   2.7693   4.1289   6.1401   4.4521   4.4359   2.9216   3.6105   5.7851   1.3034   1.6269   1.5752   1.5296   1.5403   1.6133   0.7938   0.9106 
  DB STEP 222   LABELS   0.4000  0.1761    0.4004  0.1041 
 2.0703   1.7373   1.5204   1.3965   5.3689   5.0122   2.4918   1.5927   6.4081   4.1697   2.8335   5.0618   5.4327   4.2634   4.1070   2.6444   3.3152   6.2403   2.9900   1.4831   1.6043   1.5792   1.6061   1.7035   0.6705   1.1561 
  DB STEP 223   LABELS   0.4000  0.1142    0.3997  0.1003 
 1.8976   1.5884   1.4283   5.4271   5.4513   3.3939   1.5101   5.1784   6.0287   2.2360   3.1531   5.9247   4.7004   4.0887   3.7704   2.4423   2.8822   6.2799   5.2186   1.2261   1.6271   1.6229   1.6686   1.7874   0.6010   1.4803 
  DB STEP 224   LABELS   0.4000  0.1169    0.3998  0.1313 
 1.7493   1.4862   5.3197   5.4940   4.7837   1.5254   4.1767   6.3657   3.6200   2.3326   3.6136   6.4805   3.8623   3.9118   3.4471   2.3152   2.1633   6.2618   6.0140   2.6696   1.4657   1.6584   1.7209   1.8672   0.6047   1.8380 
  DB STEP 225   LABELS   0.3746  0.1042    0.3975  0.0949 
 1.6090   4.2383   5.6667   5.4424   2.6867   2.9434   6.0250   5.8454   1.8883   2.5384   4.5161   5.8440   3.6959   3.7794   3.1778   2.2065   1.6737   5.8209   5.9213   4.7093   1.2462   1.6779   1.7657   1.9281   0.6663   2.1160 
  DB STEP 226   LABELS   0.2757  0.0678    0.2760  0.0875 
 1.9560   6.0526   5.6183   4.4717   1.3092   5.4982   6.0885   4.0816   1.9216   2.6288   5.0715   5.4332   3.5750   3.6701   3.0263   2.1425   1.6327   4.8915   5.8672   5.5321   2.0192   1.5634   1.7872   1.9658   0.7340   2.2711 
  DB STEP 227   LABELS   0.2029  0.0256    0.2032  0.0335 
 3.5580   6.0041   5.5914   2.6798   2.9690   5.6584   6.1272   2.8709   1.9644   2.6992   5.5056   5.1014   3.4884   3.5934   2.9308   2.1021   1.6111   4.0524   5.8348   5.5234   3.3178   1.3774   1.8030   1.9917   0.7930   2.3655 
  DB STEP 228   LABELS   0.1496  0.0202    0.1497  -0.0141 
 6.1736   5.6856   3.8005   1.8513   5.5703   5.9636   4.1056   1.8295   2.4449   4.5486   6.2123   3.4794   3.5412   3.2574   2.2850   1.7218   2.6607   5.9747   5.5880   4.7340   1.2298   1.7655   1.9248   2.1979   19.3642   2.6327 
  DB STEP 229   LABELS   0.0000  0.8871    -0.0197  0.5991 
 2.6811   2.9704   5.6528   6.1178   2.8817   1.9536   2.6766   7.0511   6.3115   3.4845   3.5895   2.9592   2.1127   1.6172   4.0551   5.8461   5.5263   3.4658   1.3767   1.7997   1.9838   2.3063   2.8371   3.9298   19.3555   2.4209 
  DB STEP 230   LABELS   0.0000  0.8820    -0.0053  0.8965 
 5.8305   5.3154   1.7419   2.2648   4.0295   29.9977   7.0046   3.4951   3.4748   2.4980   1.8727   1.5050   5.6554   5.6660   5.4465   2.0063   1.5579   1.8358   2.0650   2.4608   2.9451   4.5602   8.0708   7.7974   19.3628   2.2121 
  DB STEP 231   LABELS   0.1650  0.7668    0.1601  0.8769 
 1.8618   2.4136   7.7011   29.9977   3.4345   3.4552   3.3438   2.3224   1.7215   1.4202   5.8797   5.5809   5.3579   2.4986   1.3199   1.7497   1.9700   2.3495   2.9013   4.0886   8.2424   11.0820   10.2409   3.6614   19.3591   2.0578 
  DB STEP 232   LABELS   0.1629  0.7109    0.1568  0.8221 
 11.2448   25.5728   3.4293   3.4650   3.1908   2.1620   1.5800   2.0295   5.9431   5.5048   5.3021   2.1648   1.2695   1.7069   1.9245   2.3102   2.8743   3.8234   8.3506   11.7994   9.4848   3.6670   2.5733   1.9744   19.3373   1.9207 
  DB STEP 233   LABELS   0.1570  0.9453    -0.0088  0.8369 
 3.4835   3.5168   2.4941   1.6855   1.3297   5.4959   5.6311   5.2871   3.8975   0.8768   1.4434   1.6263   1.8666   2.2943   2.8127   4.0916   9.7867   13.2539   6.3291   3.4632   2.5560   2.0214   4.4568   6.0057   19.2349   1.8033 
  DB STEP 234   LABELS   0.4000  0.9187    0.3981  0.9370 
 1.5525   2.8486   5.8088   5.6617   5.2379   0.7664   1.0005   1.3103   1.4134   1.5945   1.9096   2.4648   2.7973   5.6551   7.2150   7.2078   4.3388   3.0434   2.4110   1.9964   4.7963   5.9403   4.5796   2.9941   19.0284   1.7201 
  DB STEP 235   LABELS   0.4000  0.7200    0.3952  0.7950 
 5.5956   5.8941   2.3251   0.7601   1.2099   1.2370   1.3053   1.4432   1.6769   2.0947   2.4516   3.7877   6.3702   6.7271   5.6111   3.6073   2.7296   2.2605   1.9344   4.9703   5.8936   3.8426   3.5527   6.5354   18.8533   1.6966 
  DB STEP 236   LABELS   0.4000  0.4147    0.3996  0.4712 
 2.3932   0.8450   1.2097   1.2028   1.2233   1.2896   1.4180   1.6427   2.0377   2.2614   3.6686   6.3176   6.5408   5.7346   3.7131   2.7835   2.2967   1.9949   2.5253   5.9092   5.1804   2.0521   5.7728   6.0452   18.6696   1.6897 
  DB STEP 237   LABELS   0.4000  0.2168    0.3999  0.2673 
 1.1099   1.2771   1.2255   1.2197   1.2659   1.3589   1.5325   1.8271   2.1151   2.7474   5.2552   6.4788   6.3765   4.5303   3.1565   2.4912   2.1247   1.8970   2.1679   5.8509   4.5034   2.0756   5.9022   5.3665   18.4978   1.6860 
  DB STEP 238   LABELS   0.4000  0.0632    0.3991  0.1138 
 1.3815   1.2942   1.2490   1.2511   1.3010   1.4081   1.5907   1.9019   1.8956   3.5789   5.6865   6.4848   6.2879   4.2523   3.0117   2.4080   2.0640   1.8654   1.7014   4.4580   4.8960   2.4801   4.0370   6.1981   18.3321   1.6806 
  DB STEP 239   LABELS   0.4000  0.0000    0.4002  -0.0028 
 1.4443   1.3371   1.2803   1.2782   1.3206   1.4228   1.6063   1.8251   1.6633   4.5725   5.5055   6.4721   6.3873   4.3586   3.0529   2.4129   2.0537   1.8473   1.7388   1.6387   5.1766   3.3481   2.1739   5.9088   18.1510   1.6731 
  DB STEP 240   LABELS   0.4000  -0.1438    0.4008  -0.1719 
 1.5247   1.3854   1.3120   1.2940   1.3167   1.3910   1.5402   1.7141   1.5259   4.3464   4.4412   6.4898   6.4826   5.3085   3.4151   2.5910   2.1510   1.8994   1.7554   1.6909   1.6232   4.7049   2.9337   2.5161   17.9982   1.6662 
  DB STEP 241   LABELS   0.4000  -0.1470    0.3997  -0.1638 
 1.6436   1.4508   1.3440   1.2962   1.2931   1.3387   1.4462   1.5733   1.3630   3.5456   3.8497   5.7497   6.4818   6.5296   4.2329   2.9813   2.3681   2.0250   1.8268   1.7181   1.6850   1.6401   3.4716   2.9371   17.8021   1.6607 
  DB STEP 242   LABELS   0.4000  -0.0946    0.4010  -0.1461 
 1.6618   1.4557   1.3407   1.2825   1.2735   1.3127   1.4040   1.3935   1.1488   3.6625   3.8578   5.3444   6.4840   6.7256   4.7296   3.1599   2.4716   2.0908   1.8689   1.7469   1.6978   1.7144   1.8060   3.5159   17.6179   1.6569 
  DB STEP 243   LABELS   0.4000  0.0000    0.4002  -0.0087 
 1.6408   1.4392   1.3213   1.2621   1.2573   1.2903   1.3388   1.0669   1.5311   4.4261   3.2805   5.3518   6.4885   6.7248   4.8740   3.2013   2.4984   2.1141   1.8933   1.7701   1.7182   1.7356   1.7800   2.8590   17.4333   1.6526 
  DB STEP 244   LABELS   0.4000  0.0000    0.3998  -0.0023 
 1.6156   1.4145   1.3001   1.2465   1.2376   1.2747   1.0150   1.1246   2.0498   5.1276   2.8931   5.3677   6.4840   6.7218   5.0197   3.2348   2.5278   2.1363   1.9121   1.7835   1.7392   1.7514   1.8301   2.1544   17.2491   1.6481 
  DB STEP 245   LABELS   0.4000  0.0173    0.3998  0.0009 
 1.5747   1.3845   1.2757   1.2273   1.2214   0.9000   1.2967   2.2065   2.4005   5.0436   2.6823   5.7442   6.4808   6.7203   4.9388   3.1923   2.5111   2.1340   1.9177   1.7999   1.7518   1.7722   1.8577   1.9774   17.0658   1.6431 
  DB STEP 246   LABELS   0.4000  0.0471    0.3992  0.0296 
 1.5317   1.3575   1.2552   1.2112   0.7322   3.2077   2.4895   1.7737   4.1996   4.0064   2.5373   6.1877   6.4814   6.7195   4.8457   3.1312   2.4866   2.1263   1.9188   1.8058   1.7665   1.7914   1.8855   2.0614   16.8844   1.6379 
  DB STEP 247   LABELS   0.4000  0.0296    0.4001  0.0222 
 1.5011   1.3378   1.0278   0.7873   4.2130   3.2942   2.0041   1.7026   5.9970   3.0055   2.7810   6.3008   6.4853   6.7238   4.7022   3.0679   2.4587   2.1141   1.9130   1.8069   1.7773   1.8041   1.9086   2.0983   16.7228   1.6329 
  DB STEP 248   LABELS   0.4000  0.0323    0.4001  0.0155 
 1.4814   0.7536   0.9564   3.8203   4.6284   2.4498   1.4760   4.4258   5.2464   2.1802   3.1403   6.3873   6.4866   6.7202   4.6026   3.0134   2.4325   2.0978   1.9066   1.8115   1.7834   1.8167   1.9257   2.1297   16.5365   1.6270 
  DB STEP 249   LABELS   0.4000  0.0445    0.4002  0.0361 
 0.8187   1.1014   3.7859   4.9460   3.7412   1.5207   2.8632   6.1377   3.6608   1.9304   3.7058   6.3578   6.4857   6.7221   4.6433   2.9569   2.4009   2.0872   1.9022   1.8090   1.7858   1.8276   1.9434   2.1588   16.3435   1.6205 
  DB STEP 250   LABELS   0.4000  0.0000    0.4001  0.0107 
 1.1046   2.5045   5.0835   4.9451   2.6411   1.2518   5.4192   5.9704   2.3541   1.7222   3.9590   6.2745   6.4827   6.7227   4.8569   2.9442   2.4022   2.0858   1.9047   1.8096   1.7872   1.8311   1.9470   2.1634   16.1867   1.6150 
  DB STEP 251   LABELS   0.4000  0.0315    0.3999  0.0147 
 1.3950   5.4195   5.0733   4.4417   1.1956   4.1937   5.7026   4.7705   1.6778   1.6726   4.2808   6.1872   6.4832   6.7198   5.0813   2.8917   2.3925   2.0813   1.9033   1.8096   1.7922   1.8345   1.9499   2.1700   16.0135   1.6088 
  DB STEP 252   LABELS   0.4000  0.1089    0.4000  -0.0066 
 5.1012   5.3211   3.8951   1.1829   4.6520   5.3145   5.6706   1.5618   1.3657   2.4544   4.8271   6.2856   6.4870   6.7306   4.6441   2.7360   2.3044   2.0280   1.8710   1.7964   1.7875   1.8498   1.9856   2.2359   15.8265   1.6018 
  DB STEP 253   LABELS   0.4000  0.0649    0.3997  0.0444 
 5.8183   4.6461   1.2113   4.0678   5.0565   5.3625   3.1788   1.3325   1.3259   2.9748   4.9551   6.3303   6.4649   6.7006   4.4724   2.7327   2.2639   1.9992   1.8559   1.7852   1.7843   1.8508   1.9944   2.2585   15.6770   1.5956 
  DB STEP 254   LABELS   0.4000  0.0000    0.4003  0.0181 
 5.8246   1.4288   2.2799   4.9600   5.0696   3.9998   1.2735   1.0197   1.9171   3.0215   4.8985   6.4013   6.4820   6.7239   4.6211   2.9925   2.2453   1.9816   1.8355   1.7707   1.7730   1.8401   1.9891   2.2428   15.4963   1.5876 
  DB STEP 255   LABELS   0.4000  0.0000    0.4003  -0.0018 
 3.4058   1.4945   3.4242   4.9718   5.0829   1.4046   0.9602   1.3006   2.1448   3.0457   4.8207   6.4375   6.4880   6.7254   4.7356   3.1341   2.2283   1.9721   1.8272   1.7641   1.7667   1.8261   1.9714   2.2290   15.3491   1.5809 
  DB STEP 256   LABELS   0.4000  0.0000    0.4000  -0.0008 
 1.4506   2.1491   4.2009   4.9826   2.3718   0.8667   1.1013   1.7221   2.1654   3.0744   4.7173   6.4803   6.4873   6.7247   5.0094   3.3419   2.1851   1.9592   1.8149   1.7498   1.7509   1.8167   1.9639   2.2131   15.1865   1.5732 
  DB STEP 257   LABELS   0.4000  0.0000    0.3996  -0.0002 
 1.8035   2.7919   4.7395   2.8414   0.7193   1.2637   1.4866   1.7426   2.1854   3.1040   4.6556   6.3833   6.2935   6.7219   5.3086   3.3569   2.3255   1.9453   1.8049   1.7353   1.7363   1.8001   1.9432   2.1976   15.0085   1.5647 
  DB STEP 258   LABELS   0.4000  0.0000    0.3999  -0.0000 
 2.2090   3.2739   3.5543   0.8731   1.2755   1.3464   1.4911   1.7304   2.1677   3.0512   4.4935   6.2748   6.0841   6.6784   5.8751   3.0532   2.8267   1.9379   1.8002   1.7296   1.7267   1.7868   1.9242   2.1683   14.8469   1.5567 
  DB STEP 259   LABELS   0.4000  0.0022    0.3998  0.0024 
 2.5841   1.5678   0.9772   1.2565   1.2835   1.3534   1.5009   1.7426   2.1809   3.0685   4.4350   6.1197   5.8776   6.6281   5.8699   3.2373   3.3085   1.8751   1.7926   1.7220   1.7181   1.7780   1.9120   2.1528   14.6857   1.5486 
  DB STEP 260   LABELS   0.4000  0.0000    0.4001  -0.0038 
 1.1821   1.0543   1.2888   1.2649   1.2914   1.3704   1.5148   1.7676   2.2132   3.1191   4.4606   5.8957   5.6843   6.5661   5.8056   3.4483   3.1277   2.4437   1.7749   1.7118   1.7107   1.7706   1.9054   2.1529   14.5257   1.5405 
  DB STEP 261   LABELS   0.4000  0.0000    0.3993  0.1101 
 1.0978   1.3451   1.2931   1.2773   1.3111   1.3946   1.5538   1.8234   2.3126   3.3271   4.7575   5.6047   5.5192   6.6061   5.5431   3.4609   2.9254   3.0244   1.7038   1.6965   1.7031   1.7707   1.9214   2.1808   14.3844   1.5332 
  DB STEP 262   LABELS   0.4000  -0.0713    0.4001  0.0466 
 1.4137   1.3755   1.3088   1.2927   1.3267   1.4060   1.5646   1.8367   2.3225   3.3100   4.6505   5.4007   5.3145   6.5141   5.5545   3.9493   2.5398   3.5355   2.1344   1.6847   1.6853   1.7539   1.9013   2.1541   14.2294   1.5243 
  DB STEP 263   LABELS   0.4000  0.0000    0.4001  0.0132 
 1.5236   1.3906   1.3228   1.3086   1.3379   1.4254   1.5814   1.8602   2.3524   3.2886   4.5925   5.1630   5.0928   6.4232   5.5211   4.2440   2.4404   3.0368   4.1404   1.6057   1.6741   1.7386   1.8855   2.1378   14.0601   1.5143 
  DB STEP 264   LABELS   0.4000  0.0000    0.4000  -0.0020 
 1.5400   1.4029   1.3348   1.3214   1.3530   1.4414   1.5993   1.8772   2.3748   3.2417   4.7134   4.9708   4.9095   6.2782   5.4982   4.2310   2.8192   2.6085   4.4471   3.1512   1.6178   1.7298   1.8666   2.1209   13.9225   1.5060 
  DB STEP 265   LABELS   0.4000  0.0000    0.4002  -0.0002 
 1.5527   1.4171   1.3509   1.3342   1.3672   1.4523   1.6131   1.8965   2.4003   3.1591   4.6873   4.7529   4.7078   6.1562   5.4711   4.2083   3.6275   2.1272   3.7088   5.7432   1.5833   1.7136   1.8554   2.1035   13.7708   1.4966 
  DB STEP 266   LABELS   0.4000  -0.0842    0.4003  -0.0000 
 1.5920   1.4432   1.3667   1.3477   1.3745   1.4548   1.6096   1.8748   2.3448   2.9971   4.5998   4.5784   4.4679   5.7730   5.6579   4.2966   3.5903   3.6604   2.5706   5.3012   4.7827   1.6207   1.8167   2.0527   13.6036   1.4858 
  DB STEP 267   LABELS   0.4000  -0.0895    0.3999  -0.1281 
 1.6629   1.4880   1.3887   1.3507   1.3612   1.4274   1.5497   1.7745   2.1649   2.7835   4.0228   4.6355   4.2558   4.7211   6.2780   4.6395   3.7610   4.1879   3.0763   3.6553   5.7215   4.2941   1.6964   1.9559   13.4631   1.4773 
  DB STEP 268   LABELS   0.4000  -0.2056    0.3995  -0.1101 
 1.7505   1.5351   1.4082   1.3516   1.3397   1.3822   1.4799   1.6582   1.9651   2.5100   2.8946   5.1022   4.0773   4.1176   5.8848   5.2014   4.0672   3.4410   4.9271   2.9707   4.7385   5.7829   4.1507   1.8131   13.2994   1.4696 
  DB STEP 269   LABELS   0.4000  -0.1844    0.4008  -0.1017 
 1.8351   1.5689   1.4217   1.3329   1.3090   1.3320   1.4014   1.5402   1.7820   2.2084   2.4831   4.5646   4.0426   3.8513   4.3589   6.0563   4.4813   3.6847   3.2564   5.5625   3.2065   5.4970   5.9495   4.0608   13.1106   1.4634 
  DB STEP 270   LABELS   0.4000  -0.2418    0.3999  0.0497 
 1.8540   1.5687   1.4087   1.3112   1.2792   1.2880   1.3477   1.4697   1.6791   2.0490   2.3271   4.1426   4.0294   3.6601   3.7853   5.7908   4.7511   3.8523   3.3382   4.2144   5.8692   2.8770   5.9288   6.3049   12.9520   1.4584 
  DB STEP 271   LABELS   0.4000  -0.1879    0.3982  0.0984 
 1.8135   1.5277   1.3638   1.2774   1.2353   1.2436   1.3040   1.4144   1.6165   1.9632   2.1137   3.9827   3.8899   3.4601   3.5741   5.2084   4.8726   3.9324   3.4080   3.1383   5.9199   3.8361   4.1633   6.3260   12.7747   1.4515 
  DB STEP 272   LABELS   0.4000  -0.1515    0.4097  -0.0447 
 1.8346   1.5248   1.3407   1.2398   1.1943   1.1955   1.2319   1.3283   1.4966   1.7886   1.9450   3.2785   4.0237   3.2958   3.3306   4.0233   5.2866   4.1827   3.5661   3.2123   4.3413   5.8471   2.2688   5.4128   12.5947   1.4472 
  DB STEP 273   LABELS   0.4000  0.0000    0.4120  -0.2229 
 1.9264   1.5424   1.3294   1.2036   1.1372   1.1207   1.1391   1.2082   1.3315   1.5484   1.7588   1.6137   4.5976   3.3132   3.0723   3.2191   4.4524   4.6815   3.8807   3.4180   3.1571   4.9342   5.0819   2.1951   12.3924   1.4465 
  DB STEP 274   LABELS   0.4000  0.0775    0.3997  0.0200 
 1.7399   1.4153   1.2313   1.1255   1.0730   1.0579   1.0880   1.1546   1.2896   1.5081   1.5259   1.9877   4.2073   3.0651   2.8910   3.0459   4.2055   4.6016   3.8603   3.4288   3.1892   4.5848   5.3033   2.5185   12.2077   1.4375 
  DB STEP 275   LABELS   0.4000  0.1267    0.4000  0.0285 
 1.6176   1.3218   1.1502   1.0583   1.0125   1.0020   1.0289   1.0968   1.2283   1.4007   1.2845   2.2503   3.9155   2.8865   2.7045   2.8542   3.6100   4.6172   3.8917   3.4718   3.2394   3.9514   5.6931   2.9913   12.0252   1.4297 
  DB STEP 276   LABELS   0.4000  0.2474    0.3999  0.1193 
 1.3089   1.1245   1.0243   0.9701   0.9548   0.9731   1.0319   1.1391   1.2375   1.0842   1.6944   4.0313   2.8487   2.5058   2.6091   2.8441   4.4383   4.0707   3.5936   3.3250   3.1948   5.3800   4.1919   2.5401   11.8510   1.4135 
  DB STEP 277   LABELS   0.4000  0.3394    0.3993  0.2906 
 1.1391   1.0277   0.9679   0.9448   0.9623   1.0074   1.1043   1.0239   0.8554   2.5847   3.9621   2.7430   2.3306   2.3720   2.5711   3.5967   4.1908   3.6682   3.3683   3.2177   4.0121   5.3216   3.1161   4.4136   11.6970   1.4004 
  DB STEP 278   LABELS   0.4000  0.0000    0.3997  0.1282 
 1.1339   1.0304   0.9684   0.9505   0.9661   1.0190   0.9490   0.7404   1.1339   5.9477   3.5824   2.4918   2.1477   2.1981   2.3871   3.1821   4.1267   3.6264   3.3424   3.2054   3.4142   5.5541   3.4241   3.4991   11.5692   1.3898 
  DB STEP 279   LABELS   0.4000  0.0000    0.4003  0.0220 
 1.1426   1.0338   0.9756   0.9569   0.9730   0.8399   0.5710   1.3769   8.2071   5.4494   3.2390   2.2674   1.9447   1.9871   2.1599   2.5282   4.1163   3.6180   3.3317   3.1974   3.1838   5.2376   3.8791   2.8567   11.4286   1.3774 
  DB STEP 280   LABELS   0.4000  -0.0819    0.4002  -0.0009 
 1.1800   1.0567   0.9896   0.9599   0.6517   0.4165   3.1725   8.3189   8.2157   5.7748   3.2307   2.1418   1.7746   1.7329   1.8620   2.1002   3.1768   3.7078   3.3818   3.2147   3.1748   3.8781   4.8993   3.4079   11.2728   1.3636 
  DB STEP 281   LABELS   0.4000  -0.1241    0.4004  -0.1035 
 1.2561   1.0956   0.8110   0.3874   0.9264   1.4640   3.0272   6.7030   8.1879   7.0512   3.5332   2.1859   1.7355   1.5148   1.5731   1.7284   1.9988   3.2293   3.5313   3.2973   3.1958   3.2102   4.3534   4.4122   11.1225   1.3531 
  DB STEP 282   LABELS   0.4000  -0.2378    0.4050  -0.3279 
 1.4202   0.7063   0.4129   0.6212   1.0832   1.3384   1.7823   4.7441   6.9904   7.2654   5.7250   3.0677   1.9023   1.5335   1.3504   1.4002   1.5513   1.8169   2.8551   3.5129   3.3041   3.2193   3.2599   4.2778   10.9737   1.3509 
  DB STEP 283   LABELS   0.4000  -0.3230    0.4068  -0.3398 
 0.9749   0.5065   0.6171   0.8369   1.0790   1.2307   1.4955   2.6999   5.1420   6.7238   6.7334   5.1350   2.8192   1.7274   1.3967   1.2067   1.1754   1.3102   1.5346   1.9400   3.5381   3.3769   3.2957   3.3412   10.7741   1.3583 
  DB STEP 284   LABELS   0.4000  -0.2669    0.4021  -0.3517 
 0.6008   0.6556   0.7631   0.9413   1.0621   1.1662   1.3478   1.6633   4.1911   5.1579   6.7026   6.4845   4.3299   2.5196   1.5567   1.2743   1.1181   1.0349   1.1264   1.3321   1.7198   3.1633   3.4496   3.3959   10.5819   1.3728 
  DB STEP 285   LABELS   0.4000  -0.2856    0.4020  -0.3661 
 0.7406   0.7890   0.8851   1.0112   1.0531   1.1283   1.2591   1.4832   3.1240   4.7096   5.7420   6.4863   6.4852   3.1371   2.1296   1.3917   1.1722   1.0447   0.9768   0.9876   1.1953   1.6120   3.0888   3.5462   10.3837   1.3890 
  DB STEP 286   LABELS   0.4000  -0.1612    0.4021  -0.2320 
 0.8650   0.9129   1.0005   1.0364   1.0528   1.1096   1.2231   1.4136   3.0609   4.4794   5.1352   6.4866   6.4875   4.4285   2.6747   1.4718   1.2176   1.0680   0.9826   0.9404   0.9530   1.1972   1.8092   3.6537   10.2045   1.3981 
  DB STEP 287   LABELS   0.4000  -0.1900    0.4004  -0.1225 
 0.9989   1.0414   1.0665   1.0339   1.0424   1.0895   1.1801   1.3487   3.2535   4.2567   4.5953   6.3615   6.4869   5.9166   2.5063   2.1441   1.2721   1.1002   0.9989   0.9493   0.9344   0.9553   1.2197   2.5854   10.0042   1.4083 
  DB STEP 288   LABELS   0.4000  0.0233    0.4000  -0.1956 
 1.1223   1.1386   1.0674   1.0272   1.0274   1.0645   1.1496   1.2955   3.5644   4.0603   4.3382   6.0283   6.4761   6.7187   2.9882   2.5043   1.5926   1.1444   1.0273   0.9664   0.9473   0.9611   1.0107   1.4354   9.8051   1.4163 
  DB STEP 289   LABELS   0.4000  0.0000    0.4012  -0.0453 
 1.2473   1.1361   1.0524   1.0151   1.0100   1.0479   1.1301   1.7911   3.7857   3.8916   4.1537   6.0526   6.4851   6.7228   3.8418   2.2045   3.0349   1.1561   1.0439   0.9837   0.9600   0.9750   1.0281   1.1281   9.5855   1.4173 
  DB STEP 290   LABELS   0.4000  -0.0815    0.4004  -0.0502 
 1.2857   1.1321   1.0451   1.0005   1.0003   1.0300   1.1128   2.3986   3.6475   3.7340   3.9727   5.8725   6.4854   6.7286   4.9873   1.9715   2.3346   4.4168   1.0653   1.0026   0.9730   0.9875   1.0350   1.1316   9.4058   1.4215 
  DB STEP 291   LABELS   0.4000  0.0000    0.3998  0.0449 
 1.2558   1.1040   1.0280   0.9864   0.9857   1.0178   1.8290   3.0726   3.4771   3.5719   3.8120   6.0681   6.4962   6.7389   5.8312   1.7987   2.0503   5.2016   4.3106   1.0118   0.9865   1.0043   1.0541   1.1513   9.1864   1.4206 
  DB STEP 292   LABELS   0.4000  0.0183    0.3935  -0.0234 
 1.2414   1.0939   1.0105   0.9699   0.9705   1.1460   2.7912   3.1246   3.3260   3.4129   3.6420   6.0292   6.4875   6.7273   7.2563   1.9911   1.6998   3.0179   7.4933   3.7965   1.0029   1.0172   1.0668   1.1669   8.9879   1.4228 
  DB STEP 293   LABELS   0.4000  0.0937    0.3960  0.0337 
 1.2052   1.0711   0.9942   0.9621   1.0808   2.4376   2.7354   3.2086   3.1932   3.2864   3.5781   6.3513   6.4972   6.7320   7.2553   2.7239   1.4925   1.9611   7.1079   6.1471   2.2548   1.0288   1.0818   1.1963   8.8084   1.4194 
  DB STEP 294   LABELS   0.4000  0.0000    0.3978  0.0020 
 1.1796   1.0509   0.9829   1.0874   2.1710   3.0920   2.7685   3.0538   3.0470   3.1569   3.8963   6.4834   6.4857   6.7213   7.2513   4.1104   1.3897   1.5991   5.4902   6.1879   4.8921   1.4969   1.1052   1.2229   8.6089   1.4149 
  DB STEP 295   LABELS   0.4000  0.0000    0.4013  0.0511 
 1.1596   1.0541   1.1229   1.9113   3.6601   2.4042   2.9422   2.9039   2.9066   3.0216   4.2341   6.4865   6.4868   6.7227   7.2556   5.8429   1.3679   1.2371   3.3468   6.2862   5.0053   4.0057   1.1201   1.2413   8.4091   1.4116 
  DB STEP 296   LABELS   0.4000  0.0000    0.3999  0.0469 
 1.1736   1.1761   1.2882   4.2098   3.0645   2.4321   2.8558   2.7454   2.7408   2.8406   4.1049   6.4894   6.4863   6.7222   7.2497   8.1888   3.4128   1.2030   1.1778   5.0525   5.3070   4.5295   3.6295   1.2311   8.1891   1.4145 
  DB STEP 297   LABELS   0.4000  0.0000    0.3988  0.0331 
 1.2501   1.3090   3.7179   4.0168   2.4125   2.6295   2.7187   2.6159   2.6116   2.7031   4.1413   6.4856   6.4810   6.7204   7.2428   8.1865   7.9238   1.2079   1.1004   2.3398   5.5113   4.6984   4.2286   2.5748   8.0092   1.4152 
  DB STEP 298   LABELS   0.4000  0.0000    0.3953  0.0147 
 1.3891   2.8296   4.7922   3.2575   2.2347   2.7056   2.5638   2.4689   2.4687   2.5549   4.5463   6.4733   6.4682   6.7093   7.2383   8.1756   9.4814   3.4276   1.0984   1.0461   2.9122   4.8510   4.3716   4.1182   7.8093   1.4139 
  DB STEP 299   LABELS   0.4000  0.0000    0.4010  0.0252 
 1.6486   4.9584   4.6785   2.3566   2.4365   2.6028   2.4009   2.3093   2.3000   2.3779   4.4749   6.4857   6.4809   6.7223   7.2545   8.1920   9.6316   6.0765   2.1345   1.0518   1.0362   2.0632   4.5763   4.2958   7.5893   1.4171 
  DB STEP 300   LABELS   0.4000  0.0000    0.3991  0.0305 
 3.2716   5.0804   3.9580   2.1534   2.5619   2.4527   2.2662   2.1776   2.1664   2.2452   4.6943   6.4828   6.4824   6.7193   7.2482   8.1918   9.5748   6.7788   3.4603   1.5291   1.0430   1.0648   2.6284   4.4363   7.4094   1.4181 
  DB STEP 301   LABELS   0.4000  0.0000    0.3955  0.0096 
 5.0144   5.1951   2.5309   2.3615   2.5486   2.2624   2.0908   2.0111   2.0059   2.1329   5.3248   6.4866   6.4858   6.7272   7.2553   8.1940   9.5082   7.2834   3.8399   2.6662   1.4808   1.0695   1.1374   3.2171   7.1895   1.4178 
  DB STEP 302   LABELS   0.4000  0.0000    0.4001  0.0021 
 5.1655   4.0448   2.2440   2.5411   2.3467   2.0785   1.9257   1.8623   1.8594   2.1116   6.1587   6.4838   6.4873   6.7254   7.2527   8.1944   9.4384   7.3481   4.0437   2.8536   2.2091   1.1309   1.1463   1.3844   6.9897   1.4144 
  DB STEP 303   LABELS   0.4000  0.0187    0.3997  0.1515 
 5.3170   2.6520   2.4169   2.5287   2.1545   1.9110   1.7727   1.7144   1.7203   2.4215   6.7299   6.4855   6.4870   6.7247   7.2552   8.1955   9.3530   7.6060   4.3147   3.0680   2.4555   1.7476   1.1612   1.2839   6.7897   1.4129 
  DB STEP 304   LABELS   0.4000  0.0268    0.4011  -0.0792 
 4.6860   2.3383   2.5663   2.3670   1.9805   1.7645   1.6355   1.5848   1.6254   3.1793   6.7322   6.4859   6.4826   6.7269   7.2528   8.1954   9.2642   7.8988   4.6077   3.2820   2.6253   2.1922   1.4162   1.2835   6.6099   1.4121 
  DB STEP 305   LABELS   0.4000  0.0499    0.4002  -0.0343 
 3.4563   2.5128   2.6033   2.1173   1.7776   1.5795   1.4721   1.4214   1.5921   4.3663   6.7259   6.4882   6.4849   6.7218   7.2494   8.1895   9.1442   8.1320   4.9149   3.5176   2.8276   2.4346   1.9220   1.4026   6.3901   1.4103 
  DB STEP 306   LABELS   0.4000  0.0000    0.3996  0.0410 
 2.7272   2.6437   2.4913   1.9354   1.6197   1.4408   1.3394   1.3227   1.5876   5.2695   6.6873   6.4781   6.4839   6.7216   7.2511   8.1870   9.0361   8.4102   5.2630   3.7572   3.0125   2.5943   2.2720   1.6969   6.2101   1.4108 
  DB STEP 307   LABELS   0.4000  0.0000    0.4017  -0.0932 
 2.6584   2.7686   2.3036   1.7481   1.4532   1.2802   1.1866   1.2574   1.5321   5.9688   6.5918   6.4885   6.4879   6.7237   7.2548   8.1947   8.8811   8.8341   6.0184   4.1984   3.3226   2.8317   2.5528   2.1611   5.9904   1.4161 
  DB STEP 308   LABELS   0.4000  0.0000    0.4002  0.0246 
 2.7922   2.7613   1.9823   1.5089   1.2555   1.1125   1.1021   1.2636   2.9220   6.4229   6.5118   6.4854   6.4839   6.7198   7.2544   8.1832   8.7441   8.8163   6.2779   4.4078   3.5000   2.9955   2.7011   2.4458   5.7907   1.4148 
  DB STEP 309   LABELS   0.4000  0.0000    0.4001  0.0514 
 2.9336   2.5827   1.7027   1.2922   1.0762   1.0135   1.0971   1.2572   5.2407   6.2247   6.3828   6.4903   6.4873   6.7242   7.2488   8.1688   8.6083   8.7927   6.7177   4.6976   3.7245   3.1786   2.8616   2.6797   5.5907   1.4162 
  DB STEP 310   LABELS   0.4000  -0.0376    0.4019  -0.1373 
 3.0438   2.4202   1.5081   1.1262   0.9637   0.9924   1.0704   1.2164   6.7718   6.0941   6.1565   6.4683   6.4698   6.7085   7.2361   8.1446   8.4827   8.6438   7.5113   5.1623   4.0330   3.4096   3.0499   2.8509   5.4110   1.4227 
  DB STEP 311   LABELS   0.4000  0.0000    0.3975  -0.0688 
 3.1152   1.9009   1.1808   0.9518   0.9514   0.9809   1.0652   1.6978   7.6586   5.8770   5.9995   6.4479   6.4857   6.7241   7.2480   8.1205   8.3484   8.5127   7.7517   5.4156   4.2357   3.5842   3.2121   3.0049   5.2113   1.4236 
  DB STEP 312   LABELS   0.4000  0.0000    0.4002  0.0025 
 2.8769   1.3601   0.9713   0.9393   0.9405   0.9806   1.0860   3.0998   7.7442   5.6449   5.8512   6.3976   6.4840   6.7259   7.2544   8.0897   8.2164   8.3866   7.9130   5.6394   4.4235   3.7552   3.3622   3.1522   5.0115   1.4237 
  DB STEP 313   LABELS   0.4000  0.0000    0.4001  0.0222 
 2.0247   1.0217   0.9580   0.9291   0.9327   1.0005   1.5562   4.9771   7.2666   5.3631   5.7141   6.3253   6.4842   6.7243   7.2579   8.0636   8.0724   8.2617   7.9622   5.7992   4.5865   3.9092   3.5203   3.3067   4.7918   1.4221 
  DB STEP 314   LABELS   0.4000  0.0391    0.4004  -0.0347 
 1.3134   1.0269   0.9544   0.9247   0.9373   1.2039   1.9553   5.7040   7.0338   5.1796   5.5516   6.2077   6.4849   6.7281   7.2555   8.0879   7.9499   8.1247   8.1229   6.0890   4.8018   4.0872   3.6751   3.4478   4.6119   1.4240 
  DB STEP 315   LABELS   0.4000  -0.0617    0.4008  -0.0426 
 1.1402   1.0175   0.9481   0.9437   1.1254   1.5069   2.4316   6.4692   6.6144   4.9843   5.3565   6.0183   6.4845   6.7212   7.2548   8.1629   7.8049   7.9684   8.2113   6.4235   5.0546   4.3001   3.8589   3.6170   4.3920   1.4264 
  DB STEP 316   LABELS   0.4000  -0.0303    0.4002  0.0070 
 1.1282   1.0072   0.9734   1.1077   1.3453   1.8092   2.9346   7.2837   6.0025   4.8391   5.2033   5.8558   6.4762   6.7288   7.2619   8.1974   7.7433   7.8391   8.1995   6.6516   5.2463   4.4671   4.0142   3.7681   4.1922   1.4272 
  DB STEP 317   LABELS   0.4000  0.0127    0.4000  -0.0202 
 1.1322   1.0367   1.1175   1.2702   1.5431   2.0549   3.3152   7.5394   5.5060   4.6730   5.0115   5.6239   6.4144   6.7242   7.2540   8.1963   7.8109   7.6839   8.1301   7.0374   5.5178   4.6794   4.1926   3.9307   3.9923   1.4309 
  DB STEP 318   LABELS   0.4000  -0.0658    0.3999  0.0368 
 1.1465   1.1655   1.2657   1.4395   1.7418   2.3188   3.8173   7.8806   4.9297   4.5147   4.8368   5.4206   6.2977   6.7221   7.2529   8.1934   7.9217   7.5419   7.9856   7.3440   5.7576   4.8743   4.3660   4.0885   3.7927   1.4342 
  DB STEP 319   LABELS   0.4000  0.0000    0.4004  0.0055 
 1.2416   1.2864   1.3925   1.5850   1.9087   2.5220   4.0924   7.8063   4.6097   4.3634   4.6705   5.2207   6.1227   6.7264   7.2495   8.1899   8.1240   7.4068   7.8284   7.6223   6.0121   5.0768   4.5367   4.2394   3.6130   1.4386 
  DB STEP 320   LABELS   0.4000  -0.0676    0.3965  -0.0507 
 1.3819   1.4378   1.5575   1.7671   2.1329   2.8122   4.5488   7.6293   4.3364   4.1932   4.4798   5.0092   5.8922   6.7151   7.2484   8.1859   8.3252   7.2562   7.6711   7.7894   6.2655   5.2902   4.7231   4.4101   3.3937   1.4429 
  DB STEP 321   LABELS   0.4000  0.0000    0.4007  0.0935 
 1.5041   1.5610   1.6806   1.9066   2.2897   3.0062   4.8303   7.2665   4.1233   4.0407   4.3128   4.8096   5.6431   6.6716   7.2474   8.1734   8.6598   7.1241   7.5166   7.9011   6.5297   5.4949   4.8939   4.5654   3.2143   1.4487 
  DB STEP 322   LABELS   0.4000  0.0000    0.3949  -0.0551 
 1.6334   1.6963   1.8337   2.0785   2.5018   3.3287   5.3029   6.5743   3.8315   3.8893   4.1553   4.6394   5.4479   6.6157   7.2162   8.1311   8.9334   7.0006   7.3904   7.9109   6.7187   5.6625   5.0506   4.7091   3.0152   1.4526 
  DB STEP 323   LABELS   0.4000  0.0000    0.3991  -0.0211 
 1.7648   1.8357   1.9856   2.2537   2.7108   3.8154   5.5884   5.5513   3.6353   3.7344   3.9956   4.4581   5.2445   6.5460   7.1398   7.9917   9.1902   6.8684   7.2504   7.8873   6.9248   5.8396   5.2116   4.8666   2.8159   1.4575 
  DB STEP 324   LABELS   0.4000  0.0000    0.3995  0.0646 
 1.8949   1.9616   2.1200   2.3928   2.8651   4.0764   5.7272   4.6990   3.4769   3.5695   3.8003   4.2312   4.9608   6.3646   7.0032   7.8775   9.6637   6.8785   7.0780   7.7618   7.2584   6.0914   5.4186   5.0392   2.6169   1.4670 
  DB STEP 325   LABELS   0.4000  0.0000    0.3977  -0.0606 
 2.0351   2.1117   2.2757   2.5714   3.0779   4.3896   6.0334   3.6907   3.3141   3.3952   3.6190   4.0217   4.7159   6.1864   6.8939   7.7178   9.4847   7.3912   6.9212   7.5921   7.5065   6.3084   5.6103   5.2156   2.3983   1.4765 
  DB STEP 326   LABELS   0.4000  0.0000    0.4001  -0.1277 
 2.1632   2.2351   2.4052   2.7052   3.2287   4.5813   5.5752   3.4196   3.1599   3.2288   3.4328   3.8065   4.4469   5.9058   6.8114   7.5449   9.1682   8.1997   6.7541   7.3935   7.7190   6.5592   5.8166   5.3935   2.2002   1.4899 
  DB STEP 327   LABELS   0.4000  0.0631    0.4002  -0.0050 
 2.2912   2.3741   2.5523   2.8813   3.7839   4.6133   5.0946   3.0371   3.0034   3.0764   3.2716   3.6349   4.2594   5.7375   6.6725   7.4355   8.9678   8.5388   6.6325   7.2728   7.7945   6.7243   5.9671   5.5436   2.0022   1.5015 
  DB STEP 328   LABELS   0.4000  0.0000    0.4004  -0.1357 
 2.4097   2.4964   2.6970   3.0518   4.1658   4.7899   4.2059   2.8957   2.8670   2.9419   3.1364   3.4955   4.1052   5.6389   6.5153   7.3582   8.8264   8.8250   6.5369   7.1825   7.8245   6.8407   6.0906   5.6732   1.8247   1.5131 
  DB STEP 329   LABELS   0.4000  0.0249    0.4010  -0.0502 
 2.5406   2.6412   2.8479   3.2220   4.4765   5.0717   3.2359   2.7382   2.7102   2.7861   2.9744   3.3155   3.8998   5.3972   6.3649   7.2453   8.5300   9.3356   6.4040   7.0439   7.8446   7.0181   6.2472   5.8243   1.6272   1.5303 
  DB STEP 330   LABELS   0.4000  0.0000    0.4004  -0.0340 
 2.6665   2.7665   2.9822   3.6762   4.3910   4.8117   2.7699   2.5892   2.5612   2.6243   2.7933   3.1142   3.6601   4.9655   6.2398   6.9959   8.1409   10.1999   6.2534   6.8602   7.8079   7.2393   6.4417   5.9957   1.4303   1.5543 
  DB STEP 331   LABELS   0.4000  0.0000    0.4002  0.0353 
 2.8012   2.9110   3.1449   4.1855   4.3686   4.0055   2.5450   2.4303   2.4057   2.4733   2.6368   2.9447   3.4636   4.6934   6.0774   6.6453   7.8498   10.4554   6.2612   6.7425   7.7495   7.3913   6.5908   6.1407   1.2345   1.5834 
  DB STEP 332   LABELS   0.4000  0.0428    0.3991  0.0260 
 2.9308   3.0418   3.2848   4.5245   4.4406   3.2323   2.3845   2.2749   2.2513   2.3098   2.4629   2.7434   3.2335   4.2523   5.9489   6.1610   7.5504   11.0920   6.3097   6.5741   7.5908   7.6096   6.7718   6.3094   1.0402   1.6253 
  DB STEP 333   LABELS   0.4000  -0.1276    0.4001  0.0240 
 3.0532   3.1498   3.3830   4.7189   4.4892   2.6317   2.2444   2.1267   2.0984   2.1437   2.2704   2.5138   2.9354   3.6273   5.6888   5.5153   7.7214   10.7916   7.0740   6.3201   7.2555   7.8812   7.0329   6.5142   0.8511   1.6935 
  DB STEP 334   LABELS   0.3531  0.0000    0.3755  -0.0843 
 3.1462   3.2479   3.7742   4.5851   4.0924   2.3364   2.1193   2.0024   1.9700   2.0091   2.1252   2.3443   2.7282   3.3578   5.3251   5.4238   7.5653   10.0991   7.9121   6.1639   7.0478   7.9607   7.2209   6.6660   0.7018   1.7753 
  DB STEP 335   LABELS   0.2582  -0.0719    0.2749  -0.0456 
 3.2198   3.2986   3.8918   4.5956   3.8397   2.2662   2.0413   1.9211   1.8808   1.9025   2.0046   2.1941   2.5300   3.0954   4.8328   5.3876   7.3486   8.9821   9.0994   6.0438   6.8015   7.9374   7.4357   6.8268   0.5976   1.8671 
  DB STEP 336   LABELS   0.1889  -0.0638    0.2011  -0.0470 
 