7.4466   6.6566   6.2211   6.0436   6.0906   7.4371   3.5933   3.1843   4.1933   3.6955   3.4099   1.9664   1.7508   1.8108   1.9458   2.1876   2.5341   2.3603   2.1503   2.0427   2.0153   2.0619   2.1874   2.4298   7.1316   2.5803 
  DB STEP 0   LABELS   0.0000  -0.4000    0.0199  -0.2255 
 7.7344   6.8224   6.3084   6.0667   6.0537   6.4075   5.4119   2.9179   4.2466   3.8008   3.4683   2.3370   1.7446   1.7914   1.9016   2.1101   2.4658   2.4437   2.1980   2.0650   2.0171   2.0395   2.1459   2.3522   7.1316   2.5554 
  DB STEP 1   LABELS   0.0000  -0.6889    0.0018  -0.4193 
 8.5952   7.2872   6.5657   6.1784   6.0355   6.1667   6.8593   3.3980   3.4332   4.0909   3.6340   3.3265   1.7491   1.7506   1.8219   1.9732   2.2339   2.5467   2.3194   2.1290   2.0348   2.0183   2.0770   2.2200   7.1316   2.5013 
  DB STEP 2   LABELS   0.0000  -0.9383    0.0129  -0.6977 
 10.8069   9.4249   7.4580   6.6620   6.2197   6.0461   6.0858   6.9359   3.5976   3.1866   4.1962   3.6941   3.4089   1.9564   1.7435   1.8056   1.9367   2.1773   2.5267   2.3670   2.1531   2.0493   2.0160   2.0589   7.1316   2.3913 
  DB STEP 3   LABELS   0.0000  -0.9820    0.0069  -0.9979 
 9.9381   11.4485   8.5187   7.2406   6.5361   6.1641   6.0353   6.2023   6.1708   3.3454   3.5402   4.0601   3.6160   3.2093   1.7440   1.7487   1.8259   1.9793   2.2501   2.5479   2.3103   2.1265   2.0388   2.0178   7.1316   2.3193 
  DB STEP 4   LABELS   0.1000  -1.0000    0.0078  -0.9829 
 6.5989   9.0942   10.5587   9.7900   7.5192   6.6918   6.2349   6.0350   6.0620   7.4546   3.9641   3.0646   4.2284   3.7040   3.4037   2.0940   1.7240   1.7758   1.9049   2.1292   2.4949   2.4059   2.1860   2.0711   7.1483   2.2083 
  DB STEP 5   LABELS   0.3544  -1.0000    0.3776  -0.9897 
 3.5724   5.0644   8.6454   10.5617   9.7844   7.4984   6.6630   6.1941   5.9863   6.0099   7.2558   3.9252   2.8841   4.1986   3.6729   3.3695   2.3576   1.6792   1.7270   1.8445   2.0602   2.4320   2.4893   2.2576   7.1582   2.1304 
  DB STEP 6   LABELS   0.4000  -1.0000    0.4088  -0.9814 
 9.8795   11.1209   10.8422   10.2285   10.5537   9.7526   7.4531   6.6006   6.1218   5.9089   5.9111   6.8317   4.1905   2.6897   4.1051   3.6387   3.3312   2.7750   1.6366   1.6768   1.7898   1.9928   2.3508   2.5795   7.1538   2.0556 
  DB STEP 7   LABELS   0.4000  -0.9202    0.4064  -0.9926 
 6.3603   11.1366   10.7593   10.7920   9.9815   11.2852   8.4532   7.1241   6.3910   5.9905   5.8313   5.9269   6.9686   3.2486   2.8717   3.9831   3.5224   3.2618   2.5855   1.6199   1.6839   1.8117   2.0458   2.4470   7.1409   2.0070 
  DB STEP 8   LABELS   0.4000  -1.0000    0.4069  -0.9344 
 4.1055   5.8265   10.2489   11.0300   10.8430   10.1434   10.7268   9.4479   7.2754   6.4340   5.9664   5.7487   5.7484   6.2811   4.5126   2.6178   3.6867   3.6105   3.3031   3.1467   2.0037   1.6481   1.7523   1.9542   7.1028   1.9297 
  DB STEP 9   LABELS   0.4000  -0.9134    0.4061  -0.9674 
 3.3915   4.2737   6.0803   10.5976   10.8967   10.8157   10.0609   9.3789   8.2277   7.1497   6.3356   5.8708   5.6636   5.6679   6.0788   4.1464   2.6214   3.4133   3.6108   3.3082   3.1567   2.3677   1.6512   1.7578   7.0574   1.8766 
  DB STEP 10   LABELS   0.4000  -0.9166    0.4105  -0.9155 
 3.0801   3.6652   4.7346   7.0781   11.4889   10.7517   10.6701   9.6361   8.2027   7.2525   6.6962   6.1158   5.7390   5.5851   5.6423   6.5821   3.2692   2.4953   3.6202   3.5379   3.2714   3.1488   2.2409   1.6939   7.0161   1.8405 
  DB STEP 11   LABELS   0.4000  -0.7937    0.4043  -0.9786 
 2.8175   3.1437   3.7080   4.7367   6.9181   11.3538   10.7080   9.8421   8.2109   7.2620   6.7272   6.4812   6.0844   5.6720   5.5008   5.5332   6.4115   4.9459   2.6222   3.0767   3.6255   3.3355   3.1995   2.8355   6.9359   1.7923 
  DB STEP 12   LABELS   0.4000  -0.8598    0.4067  -0.7722 
 2.7078   2.8989   3.2467   3.8452   4.9324   7.2812   11.3140   9.8392   8.2164   7.2664   6.7276   6.4841   6.4365   5.9803   5.5854   5.4308   5.4748   6.5752   5.6280   2.6638   2.8566   3.6565   3.3791   3.2487   6.8639   1.7569 
  DB STEP 13   LABELS   0.4000  -0.6026    0.3798  -0.9304 
 2.6914   2.8074   3.0584   3.4886   4.2409   5.6831   9.0009   9.8687   8.2165   7.2651   6.7259   6.4816   6.4790   6.3113   5.7593   5.4666   5.3818   5.5747   8.1146   3.2003   2.5223   3.2466   3.5781   3.3562   6.8080   1.7368 
  DB STEP 14   LABELS   0.4000  -0.6019    0.4028  -0.6504 
 2.7214   2.7744   2.9448   3.2554   3.8032   4.7724   6.7483   9.4704   8.2409   7.2854   6.7465   6.5023   6.4982   6.5936   6.0080   5.5649   5.3615   5.3541   5.7156   7.9608   2.9867   2.4359   3.5327   3.5381   6.7297   1.7199 
  DB STEP 15   LABELS   0.4000  -0.2838    0.4007  -0.4566 
 2.7693   2.7885   2.9164   3.1776   3.6297   4.4198   5.9405   8.7073   8.1903   7.2448   6.7127   6.4679   6.4653   6.6712   6.1969   5.6450   5.3633   5.2862   5.4274   8.0138   4.6750   2.6959   2.7949   3.7142   6.6501   1.7114 
  DB STEP 16   LABELS   0.4000  -0.4755    0.4019  -0.3947 
 2.8435   2.8134   2.8804   3.0640   3.4072   3.9935   5.0564   7.2512   8.2147   7.2638   6.7250   6.4830   6.4784   6.7182   6.5814   5.8547   5.4403   5.2555   5.2716   5.6244   8.8290   3.1731   2.6037   3.2076   6.5504   1.6990 
  DB STEP 17   LABELS   0.4000  -0.2326    0.4005  -0.2720 
 2.9000   2.8395   2.8914   3.0540   3.3653   3.8961   4.8482   6.7429   8.1674   7.2402   6.7154   6.4716   6.4704   6.7091   6.7062   5.9259   5.4674   5.2446   5.2196   5.4521   8.7827   4.7575   2.7868   2.8278   6.4703   1.6946 
  DB STEP 18   LABELS   0.4000  -0.2395    0.4062  -0.1909 
 2.9555   2.8725   2.9022   3.0418   3.3179   3.8023   4.6495   6.2812   8.0678   7.2655   6.7279   6.4841   6.4825   6.7223   6.8362   6.0306   5.5101   5.2468   5.1779   5.3034   6.5280   7.8660   3.0006   2.5613   6.3919   1.6898 
  DB STEP 19   LABELS   0.4000  -0.0735    0.4027  -0.0686 
 2.9857   2.8975   2.9211   3.0529   3.3238   3.8002   4.6251   6.2143   8.0318   7.2659   6.7324   6.4909   6.4869   6.7282   6.8557   6.0411   5.5070   5.2281   5.1581   5.2736   5.7434   9.2272   3.1108   2.6462   6.3321   1.6880 
  DB STEP 20   LABELS   0.4000  -0.1915    0.4010  -0.1115 
 3.0357   2.9325   2.9403   3.0509   3.2973   3.7375   4.4903   5.9090   7.8568   7.2643   6.7293   6.4845   6.4794   6.7160   6.9444   6.1350   5.5471   5.2342   5.1266   5.2138   5.6492   10.1386   3.3227   2.8009   6.2533   1.6837 
  DB STEP 21   LABELS   0.4000  0.0000    0.3929  -0.1014 
 3.0764   2.9711   2.9658   3.0782   3.3240   3.7582   4.5130   5.9230   7.8435   7.2524   6.7179   6.4769   6.4765   6.7167   6.9338   6.1146   5.5216   5.2046   5.0976   5.1745   5.5816   11.1020   3.4859   2.9291   6.1546   1.6810 
  DB STEP 22   LABELS   0.4000  -0.1694    0.4035  -0.0998 
 3.1262   2.9964   2.9835   3.0859   3.3098   3.7242   4.4268   5.7322   7.7015   7.2607   6.7265   6.4851   6.4822   6.7191   6.9973   6.1865   5.5527   5.2085   5.0746   5.1304   5.4562   9.4956   6.0954   3.0818   6.0775   1.6770 
  DB STEP 23   LABELS   0.4000  0.0330    0.3956  0.0052 
 3.1438   3.0184   3.0072   3.1094   3.3465   3.7613   4.4862   5.8226   7.7600   7.2611   6.7299   6.4841   6.4860   6.7291   6.9735   6.1388   5.5169   5.1796   5.0497   5.1080   5.4253   9.0181   6.8879   3.1679   5.9987   1.6751 
  DB STEP 24   LABELS   0.4000  -0.1333    0.4033  -0.0666 
 3.2109   3.0582   3.0257   3.1051   3.3107   3.6894   4.3410   5.5095   7.4729   7.2662   6.7326   6.4869   6.4844   6.7214   7.0742   6.2862   5.5948   5.2033   5.0410   5.0586   5.2693   6.8613   10.0890   3.3704   5.9201   1.6698 
  DB STEP 25   LABELS   0.4000  0.0509    0.3781  -0.2446 
 3.2505   3.0885   3.0432   3.1141   3.3077   3.6714   4.2909   5.4052   7.3458   7.2678   6.7313   6.4859   6.4858   6.7261   7.1100   6.3391   5.6187   5.2107   5.0309   5.0299   5.2228   5.7689   11.9532   3.5143   5.8444   1.6657 
  DB STEP 26   LABELS   0.4000  0.0000    0.4011  0.0391 
 3.2888   3.1130   3.0615   3.1196   3.3077   3.6527   4.2563   5.3242   7.2385   7.2730   6.7343   6.4911   6.4844   6.7230   7.1390   6.3853   5.6400   5.2135   5.0163   5.0018   5.1793   5.7166   12.3498   3.6667   5.7662   1.6616 
  DB STEP 27   LABELS   0.4000  0.1078    0.3817  -0.1683 
 3.3160   3.1346   3.0783   3.1386   3.3198   3.6637   4.2609   5.3171   7.2192   7.2927   6.7620   6.5183   6.5186   6.7646   7.1780   6.3985   5.6296   5.2006   4.9988   4.9844   5.1579   5.6778   12.2146   4.2228   5.6906   1.6578 
  DB STEP 28   LABELS   0.4000  0.0000    0.3998  0.0436 
 3.3531   3.1613   3.0993   3.1500   3.3247   3.6575   4.2325   5.2626   7.1237   7.2777   6.7445   6.5000   6.5028   6.7457   7.2020   6.4334   5.6523   5.2016   4.9891   4.9612   5.1184   5.6031   11.0721   5.9099   5.6136   1.6534 
  DB STEP 29   LABELS   0.4000  0.1931    0.3779  -0.1054 
 3.3615   3.1757   3.1095   3.1622   3.3406   3.6751   4.2610   5.2948   7.2622   7.6429   7.0808   6.8284   6.8231   7.0815   7.4561   6.4067   5.6276   5.1844   4.9741   4.9473   5.1087   5.5693   10.8233   6.3499   5.5580   1.6506 
  DB STEP 30   LABELS   0.4000  0.0364    0.3996  0.1084 
 3.3745   3.1925   3.1338   3.1900   3.3748   3.7245   4.3310   5.4023   7.2844   7.2675   6.7393   6.4955   6.4910   6.7391   7.1704   6.3318   5.5749   5.1488   4.9458   4.9317   5.0964   5.5620   10.6164   6.5536   5.4620   1.6463 
  DB STEP 31   LABELS   0.4000  0.2149    0.3770  0.0424 
 3.3613   3.1983   3.1543   3.2277   3.4273   3.8032   4.4555   5.6149   7.5002   7.2495   6.7175   6.4694   6.4700   6.7096   7.0627   6.1931   5.4870   5.0954   4.9174   4.9222   5.1100   5.6238   11.3092   6.2428   5.3858   1.6439 
  DB STEP 32   LABELS   0.4000  0.0407    0.3980  0.0446 
 3.3761   3.2091   3.1688   3.2473   3.4494   3.8266   4.4849   5.6601   7.5480   7.2608   6.7306   6.4829   6.4845   6.7240   7.0804   6.1649   5.4644   5.0756   4.8998   4.9075   5.1013   5.5951   11.0519   6.6903   5.3277   1.6412 
  DB STEP 33   LABELS   0.4000  0.1960    0.4003  0.0038 
 3.3765   3.2256   3.1944   3.2759   3.4993   3.8983   4.5938   5.8522   7.7064   7.2537   6.7191   6.4776   6.4802   6.7235   7.0103   6.0564   5.3978   5.0287   4.8747   4.8975   5.1081   5.6332   11.4553   6.4244   5.2513   1.6387 
  DB STEP 34   LABELS   0.4000  0.0397    0.4005  0.1025 
 3.4013   3.2507   3.2175   3.3119   3.5356   3.9482   4.6622   5.9592   7.7853   7.2662   6.7271   6.4829   6.4805   6.7202   6.9805   5.9997   5.3472   4.9938   4.8437   4.8725   5.0882   5.5951   11.2253   6.9205   5.1542   1.6345 
  DB STEP 35   LABELS   0.4000  0.1986    0.3878  0.0290 
 3.3914   3.2585   3.2484   3.3588   3.6119   4.0598   4.8409   6.2823   8.0514   7.3596   6.8207   6.5674   6.5593   6.8023   6.8728   5.8472   5.2572   4.9352   4.8140   4.8665   5.1148   5.6907   12.0113   5.8388   5.0774   1.6331 
  DB STEP 36   LABELS   0.4000  0.1771    0.3982  0.1656 
 3.3815   3.2740   3.2891   3.4207   3.7118   4.2208   5.1041   6.7744   8.1493   7.2601   6.7225   6.4801   6.4792   6.7199   6.6223   5.6689   5.1430   4.8693   4.7859   4.8785   5.1598   5.8163   13.1758   4.6224   4.9992   1.6331 
  DB STEP 37   LABELS   0.4000  0.1333    0.3978  0.1390 
 3.3821   3.2863   3.3183   3.4711   3.7790   4.3259   5.2718   7.1035   8.2105   7.2644   6.7290   6.4852   6.4849   6.7267   6.4803   5.5735   5.0806   4.8304   4.7665   4.8770   5.1855   5.8671   13.2596   4.5239   4.9402   1.6329 
  DB STEP 38   LABELS   0.4000  0.1259    0.3998  0.2038 
 3.3894   3.3261   3.3733   3.5601   3.9199   4.5378   5.6307   7.7608   8.2047   7.2546   6.7253   6.4765   6.4789   6.7156   6.1961   5.4002   4.9689   4.7646   4.7362   4.8846   5.2408   5.9822   13.3408   4.3049   4.8415   1.6340 
  DB STEP 39   LABELS   0.4000  0.1555    0.4000  0.2074 
 3.4048   3.3604   3.4245   3.6291   4.0176   4.6861   5.8789   8.1448   8.2207   7.2675   6.7294   6.4844   6.4807   6.7226   6.0081   5.2957   4.8974   4.7172   4.7139   4.8818   5.2641   6.3411   12.8106   4.3223   4.7623   1.6346 
  DB STEP 40   LABELS   0.4000  0.2650    0.3840  0.0947 
 3.4208   3.3817   3.4763   3.7079   4.1349   4.8687   6.2046   8.5452   8.2352   7.2895   6.7497   6.5127   6.5094   6.6756   5.8182   5.1861   4.8324   4.6803   4.7063   4.9032   5.3227   7.6386   11.8526   4.3088   4.7036   1.6370 
  DB STEP 41   LABELS   0.4000  0.1387    0.3987  0.2425 
 3.4425   3.4233   3.5340   3.7968   4.2583   5.0657   6.5425   8.8550   8.2088   7.2616   6.7273   6.4824   6.4822   6.5624   5.6635   5.0814   4.7611   4.6374   4.6814   4.9094   5.3605   8.3520   11.2164   4.3331   4.6239   1.6391 
  DB STEP 42   LABELS   0.4000  0.1356    0.4010  0.0445 
 