7.4048   6.6308   6.2089   6.0416   6.0959   7.5219   3.5430   3.2328   4.1693   3.6799   3.4038   1.8569   1.7519   1.8156   1.9527   2.2006   2.5414   2.3493   2.1463   2.0429   2.0148   2.0672   2.1989   2.4401   6.3509   2.6470 
  DB STEP 0   LABELS   0.0000  -0.4000    0.0204  -0.1515 
 7.5367   6.7094   6.2500   6.0522   6.0771   7.4787   4.0030   3.0933   4.2504   3.7272   3.4258   2.0679   1.7447   1.8019   1.9284   2.1630   2.5169   2.3857   2.1658   2.0498   2.0125   2.0548   2.1731   2.4026   6.3509   2.6357 
  DB STEP 1   LABELS   0.0000  -0.5457    0.0122  -0.2984 
 7.7673   6.8451   6.3221   6.0711   6.0522   6.4130   5.6568   2.9296   4.2618   3.8102   3.4702   2.3869   1.7430   1.7821   1.8918   2.0998   2.4541   2.4507   2.1996   2.0675   2.0149   2.0384   2.1422   2.3429   6.3509   2.6170 
  DB STEP 2   LABELS   0.0000  -0.6563    0.0125  -0.4488 
 8.1678   7.0565   6.4362   6.1178   6.0375   6.3104   6.4584   3.1356   3.8342   3.9468   3.5541   2.8747   1.7402   1.7643   1.8562   2.0286   2.3310   2.5288   2.2563   2.0988   2.0205   2.0262   2.1067   2.2714   6.3509   2.5907 
  DB STEP 3   LABELS   0.0000  -0.8071    0.0046  -0.6007 
 9.0506   7.3924   6.6236   6.2056   6.0411   6.0953   7.4291   3.5164   3.2871   4.1521   3.6679   3.3932   1.8500   1.7495   1.8086   1.9453   2.2015   2.5351   2.3500   2.1466   2.0437   2.0163   2.0673   2.1974   6.3509   2.5566 
  DB STEP 4   LABELS   0.1000  -1.0000    0.0077  -0.7611 
 11.2759   7.8922   6.9108   6.3583   6.0831   6.0418   6.3809   5.9407   2.9745   4.1216   3.8433   3.4864   2.5905   1.7311   1.7669   1.8664   2.0585   2.3939   2.4855   2.2221   2.0812   2.0204   2.0399   2.1302   6.3609   2.5164 
  DB STEP 5   LABELS   0.0000  -1.0000    0.1118  -0.9072 
 11.2252   8.8229   7.3435   6.5936   6.1895   6.0349   6.1348   6.6813   3.4422   3.3808   4.1096   3.6396   3.3711   1.7886   1.7374   1.8002   1.9415   2.1955   2.5349   2.3409   2.1419   2.0386   2.0203   2.0741   6.3609   2.4693 
  DB STEP 6   LABELS   0.0000  -1.0000    0.0282  -0.9854 
 9.7069   11.3111   7.9282   6.9327   6.3697   6.0881   6.0373   6.3696   5.2001   2.9900   4.0636   3.8513   3.4909   2.5875   1.7249   1.7603   1.8523   2.0484   2.3737   2.4938   2.2316   2.0833   2.0248   2.0373   6.3609   2.4209 
  DB STEP 7   LABELS   0.0000  -0.9479    0.0086  -0.9922 
 9.8710   11.2875   8.3419   7.1435   6.4825   6.1372   6.0323   6.2563   5.7707   3.2112   3.6705   3.9851   3.5635   3.0297   1.7274   1.7438   1.8227   1.9876   2.2721   2.5389   2.2892   2.1156   2.0317   2.0280   6.3609   2.3970 
  DB STEP 8   LABELS   0.0000  -1.0000    0.0070  -0.9754 
 10.5096   9.7228   11.1920   7.9626   6.9517   6.3773   6.0893   6.0384   6.3582   4.9710   3.0045   4.0202   3.8616   3.4947   2.6400   1.7208   1.7548   1.8547   2.0387   2.3623   2.5052   2.2346   2.0885   2.0237   6.3609   2.3276 
  DB STEP 9   LABELS   0.0000  -1.0000    0.0063  -0.9729 
 10.6789   9.8805   11.3016   8.3682   7.1614   6.4935   6.1404   6.0304   6.2379   5.7290   3.2315   3.6802   3.9965   3.5691   3.0830   1.7291   1.7388   1.8182   1.9849   2.2605   2.5410   2.2927   2.1168   2.0340   6.3609   2.3047 
  DB STEP 10   LABELS   0.2052  -1.0000    0.0055  -0.9735 
 6.2167   8.7777   9.7437   11.2239   7.9967   6.9727   6.3860   6.0840   6.0289   6.3343   5.9824   3.0183   3.9569   3.8697   3.4958   2.7408   1.7163   1.7417   1.8398   2.0179   2.3405   2.5202   2.2557   2.1012   6.3736   2.2407 
  DB STEP 11   LABELS   0.4000  -1.0000    0.2085  -0.9764 
 2.2123   3.1437   5.9107   10.9427   9.2453   7.4245   6.6374   6.2060   6.0313   6.0820   7.4430   3.5356   3.2058   4.1566   3.6612   3.3735   2.0207   1.7057   1.7627   1.8935   2.1242   2.5009   2.4158   2.1472   6.3804   2.2028 
  DB STEP 12   LABELS   0.4000  -1.0000    0.4027  -0.9850 
 2.1062   2.9879   5.6077   9.9605   10.6240   7.6919   6.7926   6.2824   6.0455   6.0381   6.3965   5.1915   2.8472   4.2597   3.7467   3.4159   2.4876   1.6904   1.7298   1.8369   2.0333   2.3841   2.5134   2.1001   6.3824   2.1845 
  DB STEP 13   LABELS   0.4000  -1.0000    0.4059  -0.9793 
 10.4811   10.8464   10.8214   10.1186   10.9358   9.1841   7.3477   6.5534   6.1100   5.9242   5.9558   7.2063   3.4608   2.9292   4.1075   3.6090   3.3216   2.4249   1.6543   1.7102   1.8324   2.0554   2.4404   2.5249   6.3828   2.1297 
  DB STEP 14   LABELS   0.4000  -1.0000    0.4143  -1.0054 
 7.6102   11.6076   10.7719   10.5924   9.7584   11.1740   7.9364   6.8775   6.2694   5.9593   5.8759   6.1477   6.2466   2.9566   3.5414   3.8200   3.4354   3.2276   1.8404   1.6553   1.7376   1.9053   2.1878   2.5873   6.3796   2.0939 
  DB STEP 15   LABELS   0.4000  -0.9029    0.4061  -1.0133 
 6.5692   11.2794   10.7467   10.7488   9.9246   11.2704   8.3496   7.0802   6.3784   5.9967   5.8587   6.0218   6.6631   3.1868   3.1197   3.9514   3.5075   3.2612   2.3489   1.6408   1.7070   1.8463   2.0925   2.5073   6.3763   2.0772 
  DB STEP 16   LABELS   0.4000  -0.9431    0.4040  -0.9599 
 4.8697   7.9602   11.5666   10.7920   10.5443   9.7011   11.2157   7.8162   6.7821   6.1811   5.8777   5.8057   6.0929   6.1801   2.9144   3.3635   3.7933   3.4116   3.2120   2.1770   1.6383   1.7216   1.8872   2.1751   6.3607   2.0332 
  DB STEP 17   LABELS   0.4000  -0.9569    0.4074  -0.9146 
 4.2273   6.1558   10.9084   10.7563   10.8066   10.0257   11.2446   8.7006   7.1631   6.3781   5.9509   5.7681   5.7981   7.4231   3.3946   2.5751   3.9413   3.5700   3.2820   3.1523   1.6211   1.6721   1.7913   2.0069   6.3462   2.0051 
  DB STEP 18   LABELS   0.4000  -0.9789    0.4095  -0.9375 
 3.9801   5.5611   9.6594   11.2128   10.8400   10.2349   10.1727   9.5615   7.3998   6.5159   6.0078   5.7690   5.7489   6.0859   4.5603   2.7095   3.5543   3.6703   3.3423   3.1702   2.1227   1.6512   1.7521   1.9431   6.3387   1.9913 
  DB STEP 19   LABELS   0.4000  -0.8765    0.3849  -0.9288 
 3.4410   4.4003   6.4353   11.0948   10.7557   10.7659   9.9469   11.1869   8.4041   7.0398   6.2796   5.8624   5.6870   5.7184   7.3527   3.6870   2.5531   3.7450   3.5710   3.2899   3.1554   1.9767   1.6765   1.7990   6.3087   1.9525 
  DB STEP 20   LABELS   0.4000  -0.8742    0.4057  -0.8942 
 3.3251   4.1527   5.8309   10.1001   11.0749   10.8144   10.1330   10.4346   9.5732   7.2565   6.4012   5.9162   5.6853   5.6722   6.0300   5.5367   2.7007   3.3368   3.6663   3.3422   3.1780   2.4309   1.6645   1.7701   6.2972   1.9408 
  DB STEP 21   LABELS   0.4000  -0.9773    0.4088  -0.8851 
 3.1226   3.7644   4.9582   7.7238   11.6317   10.7551   10.5511   9.6654   8.6600   7.6356   6.6991   6.0625   5.7245   5.6127   5.7966   6.1566   3.0993   2.4461   3.9025   3.4845   3.2487   3.1525   1.8490   1.7184   6.2724   1.9186 
  DB STEP 22   LABELS   0.4000  -0.9578    0.4042  -0.9186 
 2.8932   3.3197   4.0746   5.5259   9.1031   11.4546   10.7671   9.8755   8.2428   7.2845   6.7491   6.4028   5.8983   5.6199   5.5589   5.8457   5.9864   2.9267   2.6235   3.8108   3.4346   3.2379   3.1710   1.7398   6.2299   1.8844 
  DB STEP 23   LABELS   0.4000  -0.7405    0.4078  -0.9604 
 2.8405   3.2197   3.8774   5.1128   7.9633   11.5576   10.7221   9.8720   8.2313   7.2812   6.7413   6.4562   5.9808   5.6493   5.5374   5.7128   6.8496   3.1536   2.4552   3.6432   3.5164   3.2827   3.1833   2.1872   6.2147   1.8743 
  DB STEP 24   LABELS   0.4000  -0.8116    0.3980  -0.8726 
 2.7468   3.0229   3.4978   4.3384   6.0045   10.1169   11.0130   9.8310   8.2079   7.2607   6.7274   6.4850   6.2456   5.7679   5.5300   5.4988   5.8345   6.5279   2.8865   2.5490   3.7907   3.4448   3.2616   3.2071   6.1658   1.8507 
  DB STEP 25   LABELS   0.4000  -0.7945    0.4043  -0.7891 
 2.7283   2.9714   3.3992   4.1441   5.5735   8.9817   11.4193   9.8250   8.2075   7.2594   6.7224   6.4814   6.3296   5.8337   5.5448   5.4712   5.7085   7.8224   3.0790   2.4426   3.6091   3.5157   3.3030   3.2223   6.1487   1.8433 
  DB STEP 26   LABELS   0.4000  -0.5842    0.3995  -0.7941 
 2.6983   2.8919   3.2319   3.8323   4.9307   7.2884   11.3694   9.8671   8.2434   7.2872   6.7486   6.5026   6.4544   5.9879   5.5972   5.4478   5.4884   6.5929   5.6523   2.6839   2.8779   3.6725   3.3959   3.2646   6.1136   1.8296 
  DB STEP 27   LABELS   0.4000  -0.5467    0.3960  -0.7048 
 2.6910   2.8298   3.1061   3.5774   4.4090   6.0502   9.7559   9.8513   8.2080   7.2627   6.7269   6.4892   6.4811   6.2118   5.6961   5.4450   5.4044   5.6887   7.7429   3.0766   2.4621   3.5052   3.5438   3.3527   6.0585   1.8161 
  DB STEP 28   LABELS   0.4000  -0.6293    0.3996  -0.5252 
 2.6951   2.8184   3.0722   3.5069   4.2747   5.7448   9.1242   9.8423   8.2038   7.2525   6.7167   6.4757   6.4722   6.2918   5.7422   5.4568   5.3806   5.5799   8.1294   3.2342   2.5503   3.2189   3.6061   3.3869   6.0300   1.8099 
  DB STEP 29   LABELS   0.4000  -0.3331    0.4031  -0.6284 
 2.7108   2.7890   2.9787   3.3278   3.9277   5.0230   7.3486   9.7299   8.2165   7.2723   6.7339   6.4851   6.4854   6.5107   5.9134   5.5181   5.3495   5.3863   5.7834   7.2554   2.8759   2.4064   3.8095   3.5117   5.9834   1.8001 
  DB STEP 30   LABELS   0.4000  -0.4011    0.3923  -0.4575 
 2.7202   2.7869   2.9640   3.3007   3.8662   4.8886   7.0206   9.5812   8.1982   7.2500   6.7210   6.4734   6.4709   6.5433   5.9594   5.5361   5.3461   5.3586   5.7278   7.8233   2.9798   2.4422   3.5982   3.5508   5.9640   1.7977 
  DB STEP 31   LABELS   0.4000  -0.3966    0.3984  -0.3805 
 2.7577   2.7929   2.9329   3.2145   3.7002   4.5637   6.2410   9.0378   8.2096   7.2601   6.7238   6.4805   6.4774   6.6430   6.1043   5.5991   5.3489   5.3043   5.5255   9.0052   3.3060   2.6389   3.0495   3.6837   5.9052   1.7912 
  DB STEP 32   LABELS   0.4000  -0.4799    0.4005  -0.4077 
 2.7662   2.7939   2.9201   3.1873   3.6446   4.4517   5.9964   8.7857   8.2146   7.2622   6.7325   6.4903   6.4876   6.6779   6.1744   5.6290   5.3577   5.2869   5.4302   8.0263   4.7075   2.7262   2.8146   3.7364   5.8854   1.7888 
  DB STEP 33   LABELS   0.4000  -0.1756    0.4032  -0.4590 
 2.8131   2.8025   2.8953   3.1114   3.4980   4.1741   5.4046   7.9414   8.2122   7.2612   6.7227   6.4767   6.4770   6.7133   6.3949   5.7453   5.3932   5.2557   5.3169   5.7428   8.3004   2.9933   2.5008   3.6370   5.8274   1.7817 
  DB STEP 34   LABELS   0.4000  -0.1537    0.3883  -0.3152 
 2.8423   2.8151   2.9017   3.1009   3.4646   4.1061   5.2600   7.6550   8.2097   7.2623   6.7297   6.4849   6.4835   6.7234   6.4678   5.7779   5.4018   5.2503   5.2893   5.6688   8.9557   3.1255   2.5865   3.3695   5.7881   1.7796 
  DB STEP 35   LABELS   0.4000  -0.2528    0.4004  -0.1414 
 2.8509   2.8247   2.8991   3.1019   3.4619   4.0781   5.2094   7.5472   8.1841   7.2377   6.7103   6.4725   6.4705   6.7106   6.4981   5.7953   5.4034   5.2375   5.2696   5.6373   9.1227   3.1837   2.6297   3.2872   5.7580   1.7785 
  DB STEP 36   LABELS   0.4000  -0.3681    0.4020  -0.2255 
 2.9018   2.8491   2.9041   3.0642   3.3799   3.9271   4.8925   6.8426   8.3211   7.3757   6.8353   6.5861   6.5803   6.8232   6.6946   5.9080   5.4502   5.2368   5.2164   5.4551   8.8013   4.7822   2.8135   2.7995   5.7078   1.7746 
  DB STEP 37   LABELS   0.4000  -0.0966    0.4011  -0.3993 
 2.9169   2.8574   2.9017   3.0528   3.3494   3.8741   4.7967   6.6134   8.1775   7.2730   6.7356   6.4898   6.4905   6.7253   6.7406   5.9521   5.4729   5.2397   5.2029   5.3758   8.0546   5.8334   2.8793   2.6706   5.6885   1.7729 
  DB STEP 38   LABELS   0.4000  -0.0626    0.3815  -0.3152 
 2.9550   2.8814   2.9094   3.0466   3.3293   3.8180   4.6765   6.3358   8.0778   7.2621   6.7269   6.4817   6.4797   6.7202   6.8154   6.0093   5.4949   5.2358   5.1749   5.3089   6.5147   8.2287   3.0251   2.5915   5.6299   1.7702 
  DB STEP 39   LABELS   0.4000  -0.1561    0.3979  -0.0574 
 2.9653   2.8863   2.9160   3.0558   3.3330   3.8139   4.6662   6.3062   8.0944   7.2930   6.7620   6.5198   6.5192   6.7671   6.8383   6.0175   5.4966   5.2298   5.1665   5.2951   6.2598   8.5752   3.0690   2.6182   5.6099   1.7699 
  DB STEP 40   LABELS   0.4000  -0.2743    0.4025  -0.0891 
 3.0126   2.9139   2.9219   3.0422   3.2930   3.7359   4.5136   5.9685   7.8932   7.2503   6.7144   6.4747   6.4681   6.7023   6.9188   6.1184   5.5442   5.2411   5.1416   5.2401   5.6870   9.9814   3.2538   2.7459   5.5495   1.7668 
  DB STEP 41   LABELS   0.4000  0.0000    0.4017  -0.3058 
 3.0339   2.9252   2.9284   3.0354   3.2806   3.7115   4.4567   5.8491   7.8246   7.2730   6.7329   6.4881   6.4855   6.7204   6.9678   6.1604   5.5648   5.2479   5.1383   5.2219   5.6533   10.1264   3.3266   2.7969   5.5303   1.7655 
  DB STEP 42   LABELS   0.4000  0.0000    0.3754  -0.2250 
 3.0614   2.9445   2.9412   3.0421   3.2774   3.6992   4.4222   5.7620   7.7456   7.2657   6.7329   6.4939   6.4955   6.7373   6.9982   6.1896   5.5738   5.2417   5.1246   5.1919   5.5836   10.8090   3.4584   2.8943   5.4719   1.7636 
  DB STEP 43   LABELS   0.4000  -0.1066    0.4014  0.0197 
 3.0674   2.9511   2.9469   3.0513   3.2824   3.7015   4.4305   5.7700   7.7450   7.2601   6.7300   6.4893   6.4864   6.7235   6.9924   6.1820   5.5691   5.2360   5.1163   5.1820   5.5660   10.7993   3.4875   2.9233   5.4520   1.7633 
  DB STEP 44   LABELS   0.4000  -0.2100    0.4037  -0.0292 
 3.1097   2.9810   2.9584   3.0510   3.2662   3.6621   4.3394   5.5763   7.5752   7.2612   6.7318   6.4859   6.4826   6.7229   7.0518   6.2671   5.6096   5.2467   5.1039   5.1461   5.4593   9.2153   6.0617   3.0500   5.3918   1.7607 
  DB STEP 45   LABELS   0.4000  0.0635    0.4012  -0.2480 
 3.1386   2.9986   2.9672   3.0499   3.2543   3.6349   4.2831   5.4648   7.4563   7.2649   6.7257   6.4806   6.4826   6.7201   7.0835   6.3249   5.6381   5.2589   5.0965   5.1186   5.3613   8.4358   7.1513   3.1368   5.3633   1.7589 
  DB STEP 46   LABELS   0.4000  0.0745    0.3800  -0.0870 
 3.1479   3.0067   2.9769   3.0589   3.2706   3.6492   4.3026   5.4941   7.4832   7.2676   6.7311   6.4854   6.4854   6.7237   7.0792   6.3041   5.6223   5.2484   5.0856   5.1135   5.3338   8.1964   7.8932   3.1812   5.3248   1.7581 
  DB STEP 47   LABELS   0.4000  0.0000    0.3968  0.0733 
 3.1520   3.0103   2.9861   3.0701   3.2791   3.6640   4.3260   5.5317   7.5392   7.3082   6.7750   6.5341   6.5364   6.7780   7.1012   6.2826   5.6058   5.2370   5.0802   5.1090   5.3376   8.2070   7.9118   3.1976   5.2951   1.7576 
  DB STEP 48   LABELS   0.4000  -0.1713    0.4024  0.0565 
 3.1768   3.0304   3.0001   3.0791   3.2815   3.6579   4.3044   5.4730   7.4520   7.2660   6.7282   6.4859   6.4892   6.7261   7.0849   6.3112   5.6162   5.2315   5.0669   5.0891   5.3023   7.4010   9.3601   3.3026   5.2350   1.7557 
  DB STEP 49   LABELS   0.4000  0.1285    0.4011  -0.1763 
 3.2053   3.0543   3.0192   3.0989   3.3041   3.6751   4.3253   5.4929   7.4568   7.2589   6.7242   6.4760   6.4772   6.7124   7.0722   6.2926   5.5998   5.2119   5.0453   5.0661   5.2750   6.6077   10.4746   3.4074   5.1581   1.7534 
  DB STEP 50   LABELS   0.4000  0.0000    0.3995  0.1236 
 3.2065   3.0623   3.0309   3.1138   3.3210   3.7028   4.3653   5.5606   7.5187   7.2624   6.7246   6.4847   6.4814   6.7266   7.0590   6.2532   5.5746   5.1945   5.0317   5.0607   5.2743   6.6159   10.5186   3.4414   5.1183   1.7529 
  DB STEP 51   LABELS   0.4000  -0.0414    0.3999  0.0016 
 3.2254   3.0745   3.0398   3.1200   3.3250   3.7000   4.3517   5.5311   7.4834   7.2591   6.7248   6.4856   6.4853   6.7250   7.0719   6.2707   5.5780   5.1909   5.0255   5.0456   5.2522   6.0805   11.5992   3.5091   5.0786   1.7515 
  DB STEP 52   LABELS   0.4000  -0.2459    0.3983  -0.0710 
 3.2576   3.0921   3.0519   3.1178   3.3146   3.6719   4.2939   5.4116   7.3442   7.2638   6.7270   6.4840   6.4841   6.7247   7.1129   6.3391   5.6137   5.2047   5.0237   5.0250   5.2163   5.7651   12.1295   3.6129   5.0386   1.7494 
  DB STEP 53   LABELS   0.4000  0.0125    0.4045  -0.2358 
 3.2884   3.1135   3.0592   3.1142   3.3036   3.6455   4.2385   5.2967   7.1985   7.2537   6.7176   6.4750   6.4718   6.7106   7.1330   6.4086   5.6484   5.2200   5.0205   5.0107   5.1851   5.7134   12.4623   3.7163   5.0003   1.7472 
  DB STEP 54   LABELS   0.4000  0.0408    0.3911  -0.0999 
 3.2982   3.1221   3.0705   3.1255   3.3087   3.6530   4.2519   5.3146   7.2291   7.3159   6.7730   6.5214   6.5209   6.7601   7.1689   6.3998   5.6399   5.2115   5.0109   4.9995   5.1705   5.7060   12.5110   3.8255   4.9615   1.7457 
  DB STEP 55   LABELS   0.4000  0.0253    0.3942  0.0501 
 3.2990   3.1272   3.0791   3.1360   3.3259   3.6748   4.2851   5.3632   7.2711   7.2655   6.7326   6.4893   6.4869   6.7289   7.1320   6.3629   5.6183   5.1928   5.0000   4.9929   5.1746   5.6946   12.5462   3.9139   4.9319   1.7450 
  DB STEP 56   LABELS   0.4000  -0.0932    0.4000  0.0201 
 3.3219   3.1405   3.0866   3.1446   3.3243   3.6716   4.2670   5.3310   7.2240   7.2660   6.7325   6.4855   6.4871   6.7227   7.1461   6.3897   5.6255   5.1959   4.9915   4.9805   5.1482   5.6570   11.9603   4.7370   4.8824   1.7429 
  DB STEP 57   LABELS   0.4000  0.1017    0.4013  -0.1209 
 3.3361   3.1500   3.0953   3.1510   3.3291   3.6732   4.2662   5.3169   7.2053   7.2806   6.7443   6.5038   6.5052   6.7493   7.1805   6.3934   5.6298   5.1933   4.9841   4.9693   5.1365   5.6253   11.4095   5.5524   4.8442   1.7413 
  DB STEP 58   LABELS   0.4000  0.0655    0.3933  0.0265 
 3.3365   3.1571   3.1029   3.1655   3.3508   3.7054   4.3129   5.3972   7.2977   7.2730   6.7407   6.5013   6.5044   6.7503   7.1554   6.3384   5.5921   5.1701   4.9739   4.9631   5.1373   5.6504   11.7297   5.2577   4.8148   1.7406 
  DB STEP 59   LABELS   0.4000  0.0437    0.3994  0.0915 
 3.3402   3.1645   3.1137   3.1761   3.3705   3.7274   4.3430   5.4479   7.3440   7.2606   6.7246   6.4815   6.4749   6.7136   7.1187   6.3025   5.5691   5.1539   4.9598   4.9515   5.1320   5.6351   11.4969   5.6794   4.7655   1.7391 
  DB STEP 60   LABELS   0.4000  -0.0719    0.4002  0.0175 
 3.3553   3.1789   3.1225   3.1827   3.3701   3.7228   4.3353   5.4157   7.3066   7.2645   6.7261   6.4849   6.4811   6.7224   7.1354   6.3229   5.5792   5.1517   4.9557   4.9432   5.1160   5.5957   11.1869   6.1665   4.7260   1.7374 
  DB STEP 61   LABELS   0.4000  0.2075    0.4007  -0.1011 
 3.3633   3.1855   3.1302   3.1921   3.3817   3.7325   4.3383   5.4294   7.3349   7.3170   6.7765   6.5326   6.5291   6.7737   7.1954   6.3074   5.5689   5.1426   4.9488   4.9332   5.1053   5.5742   10.9193   6.5838   4.6886   1.7358 
  DB STEP 62   LABELS   0.4000  0.0952    0.3849  0.0578 
 3.3596   3.1899   3.1404   3.2075   3.4066   3.7685   4.3989   5.5319   7.4685   7.3437   6.8087   6.5607   6.5577   6.8019   7.1668   6.2443   5.5225   5.1165   4.9310   4.9316   5.1106   5.6085   10.9964   6.2333   4.6494   1.7350 
  DB STEP 63   LABELS   0.4000  0.0676    0.3982  0.1186 
 3.3619   3.1967   3.1524   3.2229   3.4252   3.7964   4.4454   5.6055   7.4888   7.2447   6.7080   6.4707   6.4645   6.7073   7.0811   6.2018   5.4922   5.0970   4.9181   4.9234   5.1124   5.6157   11.0452   6.2742   4.6100   1.7340 
  DB STEP 64   LABELS   0.4000  -0.0548    0.4001  0.0424 
 3.3789   3.2056   3.1612   3.2315   3.4278   3.8019   4.4440   5.5969   7.4976   7.2826   6.7423   6.4975   6.4938   6.7382   7.1217   6.2052   5.4907   5.0924   4.9101   4.9108   5.0979   5.5724   10.7479   7.0907   4.5705   1.7324 
  DB STEP 65   LABELS   0.4000  -0.1736    0.4014  -0.0812 
 3.4066   3.2233   3.1722   3.2306   3.4141   3.7704   4.3836   5.4769   7.3765   7.3111   6.7694   6.5199   6.5141   6.7493   7.1893   6.2748   5.5301   5.1060   4.9061   4.8970   5.0622   5.4788   9.5733   8.3224   4.5214   1.7293 
  DB STEP 66   LABELS   0.4000  0.1023    0.3807  -0.1689 
 3.4342   3.2460   3.1801   3.2326   3.4156   3.7553   4.3561   5.4114   7.2706   7.2805   6.7399   6.4956   6.4921   6.7298   7.2030   6.3198   5.5476   5.1178   4.9089   4.8800   5.0368   5.4063   8.9672   9.4890   4.4935   1.7276 
  DB STEP 67   LABELS   0.4000  0.1244    0.3860  -0.0480 
 3.4357   3.2505   3.1888   3.2408   3.4274   3.7794   4.3855   5.4629   7.3170   7.2400   6.7066   6.4633   6.4617   6.7001   7.1718   6.2815   5.5292   5.0997   4.8972   4.8765   5.0396   5.4136   8.9961   9.5340   4.4455   1.7258 
  DB STEP 68   LABELS   0.4000  0.0000    0.4021  0.1056 
 3.4373   3.2534   3.1962   3.2569   3.4447   3.8057   4.4226   5.5231   7.3828   7.2592   6.7230   6.4814   6.4854   6.7236   7.1576   6.2441   5.5008   5.0817   4.8815   4.8724   5.0369   5.4166   9.0064   9.5848   4.4160   1.7247 
  DB STEP 69   LABELS   0.4000  -0.1123    0.4000  0.0027 
 3.4599   3.2701   3.2096   3.2556   3.4467   3.7953   4.3951   5.4653   7.3219   7.2670   6.7289   6.4767   6.4755   6.7136   7.1686   6.2768   5.5171   5.0847   4.8779   4.8563   5.0120   5.3814   8.1185   10.4104   4.3766   1.7225 
  DB STEP 70   LABELS   0.4000  0.1475    0.4005  -0.1399 
 3.4795   3.2784   3.2188   3.2686   3.4445   3.7924   4.3895   5.4448   7.2954   7.2895   6.7538   6.5043   6.5019   6.7431   7.1786   6.3196   5.5197   5.0873   4.8725   4.8465   4.9983   5.3585   7.8011   11.1961   4.3391   1.7204 
  DB STEP 71   LABELS   0.4000  0.0517    0.3857  0.0129 
 3.4771   3.2851   3.2249   3.2782   3.4632   3.8183   4.4263   5.5121   7.3628   7.2643   6.7322   6.4858   6.4906   6.7233   7.1513   6.2605   5.4894   5.0634   4.8593   4.8410   4.9977   5.3656   7.8286   10.9121   4.3001   1.7188 
  DB STEP 72   LABELS   0.4000  0.0227    0.3992  0.0774 
 3.4849   3.2948   3.2304   3.2929   3.4751   3.8340   4.4511   5.5465   7.3937   7.2628   6.7317   6.4884   6.4861   6.7249   7.1368   6.2371   5.4766   5.0505   4.8492   4.8301   4.9929   5.3673   7.5431   11.2924   4.2610   1.7171 
  DB STEP 73   LABELS   0.4000  -0.0964    0.3999  -0.0096 
 3.5043   3.3050   3.2437   3.2925   3.4750   3.8214   4.4256   5.4948   7.3287   7.2670   6.7302   6.4845   6.4848   6.7251   7.1320   6.2997   5.4921   5.0577   4.8461   4.8208   4.9716   5.3288   6.9364   12.0967   4.2217   1.7147 
  DB STEP 74   LABELS   0.4000  0.2121    0.4014  -0.1306 
 3.5180   3.3183   3.2505   3.3008   3.4761   3.8256   4.4225   5.4801   7.3677   7.4425   6.8936   6.6417   6.6423   6.8837   7.2397   6.3132   5.4891   5.0551   4.8381   4.8106   4.9604   5.3128   6.6368   12.4831   4.1752   1.7120 
  DB STEP 75   LABELS   0.4000  0.0994    0.3958  0.0654 
 3.5112   3.3202   3.2570   3.3150   3.5012   3.8608   4.4782   5.5758   7.4166   7.2716   6.7463   6.5028   6.5018   6.7473   7.1207   6.2374   5.4464   5.0258   4.8271   4.8066   4.9655   5.3331   6.9491   12.2355   4.1364   1.7106 
  DB STEP 76   LABELS   0.4000  0.2844    0.3920  0.1656 
 3.4952   3.3160   3.2673   3.3387   3.5478   3.9271   4.5865   5.7754   7.6139   7.2641   6.7293   6.4865   6.4834   6.7230   7.0621   6.0745   5.3757   4.9833   4.8013   4.8040   4.9855   5.3829   7.6339   11.5620   4.0979   1.7101 
  DB STEP 77   LABELS   0.4000  0.2542    0.3993  0.2938 
 3.4669   3.3111   3.2796   3.3668   3.5994   4.0190   4.7392   6.0453   7.8505   7.2993   6.7594   6.5116   6.5095   6.7429   6.9557   5.9331   5.2882   4.9324   4.7883   4.8082   5.0191   5.4493   8.9481   10.1701   4.0586   1.7102 
  DB STEP 78   LABELS   0.4000  0.3107    0.3987  0.2646 
 3.4437   3.3079   3.2970   3.4095   3.6620   4.1149   4.9083   6.3637   8.0047   7.2555   6.7238   6.4797   6.4802   6.7162   6.8115   5.7940   5.2072   4.8903   4.7640   4.8157   5.0543   5.5278   10.0434   8.6714   4.0390   1.7110 
  DB STEP 79   LABELS   0.4000  0.2350    0.3991  0.3250 
 3.4398   3.3140   3.3073   3.4264   3.6932   4.1770   4.9992   6.5392   8.0705   7.2503   6.7216   6.4736   6.4754   6.7164   6.7401   5.7276   5.1655   4.8629   4.7584   4.8247   5.0786   5.6022   10.7205   7.8945   3.9996   1.7114 
  DB STEP 80   LABELS   0.4000  0.1560    0.3957  0.2421 
 3.4342   3.3260   3.3363   3.4755   3.7747   4.2877   5.1853   6.8916   8.1762   7.2643   6.7294   6.4840   6.4858   6.7252   6.5749   5.6053   5.0899   4.8174   4.7349   4.8254   5.1090   5.6960   11.8145   6.7728   3.9401   1.7119 
  DB STEP 81   LABELS   0.4000  0.2071    0.3992  0.1429 
 3.4292   3.3374   3.3592   3.5144   3.8260   4.3796   5.3372   7.1761   8.2010   7.2598   6.7259   6.4840   6.4810   6.7272   6.4675   5.5250   5.0373   4.7866   4.7242   4.8312   5.1333   5.7718   12.5922   5.9545   3.9005   1.7128 
  DB STEP 82   LABELS   0.4000  0.1598    0.3984  0.2261 
 3.4254   3.3405   3.3692   3.5356   3.8618   4.4253   5.4208   7.3389   8.1836   7.2395   6.7136   6.4714   6.4687   6.7045   6.3909   5.4810   5.0088   4.7729   4.7186   4.8345   5.1500   5.8249   13.3008   5.5287   3.8806   1.7133 
  DB STEP 83   LABELS   0.4000  0.2124    0.3980  0.1617 
 3.4310   3.3577   3.4123   3.5924   3.9486   4.5663   5.6530   7.7671   8.2203   7.2666   6.7330   6.4883   6.4831   6.7063   6.2253   5.3712   4.9389   4.7315   4.7015   4.8455   5.1895   5.9084   13.4520   4.9957   3.8209   1.7151 
  DB STEP 84   LABELS   0.4000  0.2939    0.3985  0.2646 
 3.4255   3.3738   3.4461   3.6546   4.0468   4.7178   5.9247   8.1764   8.2190   7.2689   6.7315   6.4905   6.4865   6.6935   6.0131   5.2668   4.8745   4.6961   4.6921   4.8682   5.2454   6.0334   13.5026   4.7502   3.7812   1.7180 
  DB STEP 85   LABELS   0.4000  0.2141    0.3985  0.2954 
 3.4332   3.3919   3.4779   3.7112   4.1325   4.8564   6.1722   8.4672   8.2062   7.2580   6.7246   6.4799   6.4776   6.6754   5.8432   5.1850   4.8299   4.6711   4.6859   4.8844   5.2939   6.1227   13.5584   4.6203   3.7413   1.7204 
  DB STEP 86   LABELS   0.4000  -0.0671    0.4013  0.1398 
 3.4372   3.4042   3.4953   3.7291   4.1589   4.8985   6.2449   8.5347   8.1885   7.2417   6.7088   6.4661   6.4667   6.6576   5.7894   5.1626   4.8134   4.6624   4.6867   4.8844   5.2993   6.4336   13.6188   4.5748   3.7211   1.7210 
  DB STEP 87   LABELS   0.4000  0.0725    0.4027  0.0390 
 3.4623   3.4310   3.5228   3.7623   4.2025   4.9529   6.3152   8.5989   8.1929   7.2457   6.7110   6.4685   6.4687   6.6295   5.7501   5.1253   4.7774   4.6343   4.6584   4.8593   5.2759   6.1157   13.9976   4.7428   3.6612   1.7215 
  DB STEP 88   LABELS   0.4000  0.0000    0.4013  0.0797 
 3.4809   3.4450   3.5433   3.7911   4.2324   4.9935   6.3829   8.6606   8.1913   7.2495   6.7142   6.4745   6.4698   6.6099   5.7086   5.0971   4.7578   4.6112   4.6404   4.8483   5.2655   6.1005   13.7220   4.7719   3.6213   1.7219 
  DB STEP 89   LABELS   0.4000  -0.1056    0.4014  -0.0619 
 3.5002   3.4690   3.5571   3.7906   4.2226   4.9613   6.3005   8.5593   8.1827   7.2359   6.7018   6.4591   6.4573   6.5903   5.7641   5.1050   4.7511   4.6047   4.6218   4.8100   5.2121   6.0393   13.7824   4.9989   3.5812   1.7206 
  DB STEP 90   LABELS   0.4000  -0.1556    0.3994  -0.1542 
 3.5304   3.4832   3.5626   3.7801   4.1980   4.9082   6.1884   8.4200   8.2169   7.2656   6.7315   6.4863   6.4857   6.6078   5.8496   5.1265   4.7536   4.5897   4.5940   4.7669   5.1481   5.9191   13.8026   5.2835   3.5512   1.7193 
  DB STEP 91   LABELS   0.4000  0.0647    0.4006  -0.1604 
 3.5519   3.4958   3.5725   3.7921   4.2007   4.8988   6.1658   8.3706   8.1995   7.2497   6.7152   6.4714   6.4652   6.5882   5.8722   5.1214   4.7470   4.5751   4.5695   4.7426   5.1175   5.8610   13.8678   5.3813   3.5023   1.7185 
  DB STEP 92   LABELS   0.4000  0.0000    0.4011  0.0449 
 3.5594   3.5062   3.5813   3.8029   4.2155   4.9272   6.2036   8.4148   8.2023   7.2541   6.7241   6.4787   6.4763   6.5938   5.8390   5.1068   4.7344   4.5640   4.5649   4.7360   5.1144   5.8652   13.8824   5.4480   3.4823   1.7187 
  DB STEP 93   LABELS   0.4000  0.1019    0.4004  0.0353 
 3.5787   3.5332   3.6161   3.8456   4.2730   5.0069   6.3241   8.5475   8.1867   7.2673   6.7302   6.4863   6.4820   6.5676   5.7728   5.0558   4.6966   4.5331   4.5457   4.7215   5.1086   5.8749   13.5896   5.4897   3.4225   1.7196 
  DB STEP 94   LABELS   0.4000  0.0692    0.3995  0.1332 
 3.5886   3.5505   3.6415   3.8845   4.3205   5.0813   6.4502   8.6701   8.1433   7.2585   6.7262   6.4858   6.4768   6.5433   5.7045   5.0137   4.6651   4.5134   4.5279   4.7186   5.1150   5.8921   13.9904   5.4552   3.3826   1.7206 
  DB STEP 95   LABELS   0.4000  0.0000    0.3990  0.0228 
 3.5990   3.5596   3.6523   3.8899   4.3335   5.0945   6.4700   8.6741   8.1242   7.2435   6.7120   6.4720   6.4607   6.5236   5.6891   5.0026   4.6568   4.5091   4.5228   4.7127   5.1036   5.8844   13.6704   5.5240   3.3626   1.7206 
  DB STEP 96   LABELS   0.4000  -0.0281    0.3991  -0.0335 
 3.6266   3.5871   3.6704   3.9132   4.3469   5.1093   6.4751   8.6877   8.1074   7.2459   6.7136   6.4725   6.4392   6.5146   5.6792   4.9824   4.6327   4.4808   4.4938   4.6738   5.0596   5.8093   13.3579   6.0621   3.3026   1.7202 
  DB STEP 97   LABELS   0.4000  -0.0745    0.4012  -0.0401 
 3.6495   3.5983   3.6858   3.9162   4.3494   5.0948   6.4341   8.6252   8.1197   7.2635   6.7268   6.4804   6.4262   6.5423   5.7106   4.9837   4.6233   4.4647   4.4719   4.6477   5.0241   5.7174   12.6382   6.9622   3.2625   1.7192 
  DB STEP 98   LABELS   0.4000  0.0000    0.3982  -0.0809 
 3.6682   3.6215   3.7033   3.9340   4.3641   5.1035   6.4410   8.6293   8.1094   7.2686   6.7319   6.4860   6.4001   6.5309   5.7054   4.9703   4.6095   4.4510   4.4543   4.6276   4.9989   5.6750   12.2973   7.4242   3.2226   1.7191 
  DB STEP 99   LABELS   0.4000  0.0000    0.4000  0.0478 
 3.7054   3.6503   3.7302   3.9632   4.3848   5.1250   6.4398   8.6013   8.0607   7.2681   6.7343   6.4902   6.3521   6.5441   5.6996   4.9463   4.5849   4.4208   4.4172   4.5794   4.9415   5.5871   11.2259   9.1445   3.1426   1.7181 
  DB STEP 100   LABELS   0.4000  0.0000    0.3991  -0.1059 
 3.7403   3.6773   3.7488   3.9680   4.3795   5.1017   6.3775   8.5160   8.0773   7.2695   6.7319   6.4865   6.3226   6.5785   5.7176   4.9479   4.5725   4.3994   4.3882   4.5389   4.8861   5.5040   10.0901   10.8905   3.0826   1.7166 
  DB STEP 101   LABELS   0.4000  0.0000    0.4005  0.0135 
 3.7505   3.6945   3.7654   3.9898   4.4100   5.1378   6.4359   8.5714   8.0305   7.2648   6.7307   6.4880   6.2804   6.5413   5.6861   4.9240   4.5546   4.3814   4.3730   4.5295   4.8768   5.4962   10.0930   10.9199   3.0427   1.7166 
  DB STEP 102   LABELS   0.4000  -0.0559    0.4006  0.0054 
 3.7715   3.7076   3.7831   4.0046   4.4220   5.1445   6.4366   8.5549   7.9811   7.2544   6.7245   6.4768   6.2454   6.5346   5.6779   4.9117   4.5379   4.3625   4.3586   4.5054   4.8492   5.4662   9.3767   11.3153   3.0026   1.7159 
  DB STEP 103   LABELS   0.4000  0.1126    0.4009  -0.0838 
 3.7944   3.7247   3.7938   4.0126   4.4236   5.1436   6.4154   8.5280   7.9826   7.2468   6.7112   6.4688   6.2158   6.5288   5.6762   4.9037   4.5307   4.3498   4.3373   4.4866   4.8165   5.4248   8.9595   12.4060   2.9635   1.7151 
  DB STEP 104   LABELS   0.4000  0.0843    0.3959  0.0426 
 3.8051   3.7441   3.8198   4.0459   4.4700   5.2092   6.5322   8.6594   7.8962   7.2678   6.7313   6.4766   6.1648   6.5248   5.6166   4.8644   4.5023   4.3359   4.3264   4.4782   4.8225   5.4421   9.0369   12.4343   2.9237   1.7159 
  DB STEP 105   LABELS   0.4000  0.0000    0.3980  0.1150 
 3.8180   3.7593   3.8394   4.0755   4.5145   5.2686   6.6241   8.7291   7.8202   7.2598   6.7277   6.4553   6.1129   6.5354   5.5762   4.8282   4.4730   4.3122   4.3067   4.4715   4.8238   5.4482   9.4241   12.3133   2.8838   1.7162 
  DB STEP 106   LABELS   0.4000  -0.1256    0.3998  -0.0132 
 3.8341   3.7785   3.8513   4.0857   4.5161   5.2642   6.6006   8.8306   7.7962   7.4711   6.9707   6.5249   6.0822   6.7201   5.5718   4.8248   4.4645   4.2957   4.2942   4.4431   4.7892   5.3985   8.6534   13.3100   2.8437   1.7152 
  DB STEP 107   LABELS   0.4000  0.0741    0.4016  -0.1503 
 3.8661   3.7928   3.8581   4.0772   4.4949   5.2173   6.5029   8.6145   7.8149   7.2860   6.7466   6.4508   6.0689   6.5614   5.6125   4.8393   4.4649   4.2851   4.2720   4.4141   4.7374   5.3271   7.4737   14.4595   2.8047   1.7135 
  DB STEP 108   LABELS   0.4000  -0.2530    0.3827  -0.0461 
 3.8825   3.8071   3.8719   4.0903   4.5050   5.2209   6.4932   8.5829   7.7820   7.2595   6.7259   6.4301   6.0359   6.5576   5.5998   4.8310   4.4566   4.2735   4.2504   4.3869   4.7111   5.2907   6.7107   15.3389   2.7648   1.7125 
  DB STEP 109   LABELS   0.4000  0.0072    0.4079  -0.1268 
 3.8978   3.8155   3.8775   4.0882   4.4931   5.1933   6.4382   8.5134   7.8106   7.2570   6.7247   6.4285   6.0285   6.5261   5.7006   4.8417   4.4553   4.2685   4.2444   4.3754   4.6889   5.2541   6.3151   15.3111   2.7446   1.7114 
  DB STEP 110   LABELS   0.4000  -0.1130    0.3951  -0.1636 
 3.9304   3.8408   3.8899   4.0941   4.4846   5.1673   6.3717   8.4386   7.8168   7.3140   6.7990   6.4475   5.9963   6.4767   5.7929   4.8484   4.4499   4.2526   4.2160   4.3394   4.6333   5.1785   6.1954   15.4610   2.6854   1.7091 
  DB STEP 111   LABELS   0.4000  -0.1363    0.3970  -0.0878 
 3.9614   3.8582   3.8973   4.0868   4.4679   5.1283   6.2896   8.2808   7.8543   7.2520   6.7294   6.4177   5.9801   6.3605   5.9437   4.8689   4.4540   4.2466   4.1963   4.3073   4.5934   5.1101   6.0782   15.5984   2.6454   1.7067 
  DB STEP 112   LABELS   0.4000  -0.2498    0.4002  -0.1660 
 3.9750   3.8664   3.9008   4.0831   4.4570   5.1021   6.2337   8.1952   7.8754   7.2495   6.7306   6.4225   5.9769   6.2915   6.0094   4.8874   4.4583   4.2426   4.1908   4.2887   4.5679   5.0724   6.0197   15.6003   2.6254   1.7054 
  DB STEP 113   LABELS   0.4000  0.0491    0.4005  -0.1698 
 4.0307   3.8973   3.9025   4.0570   4.3945   4.9858   6.0147   7.8459   7.9693   7.2380   6.7193   6.4336   5.9880   6.0959   6.2942   5.0191   4.4947   4.2489   4.1659   4.2413   4.4831   4.9427   5.7298   14.1963   2.5670   1.7002 
  DB STEP 114   LABELS   0.4000  0.0000    0.3819  -0.1524 
 4.0500   3.9117   3.9143   4.0676   4.3892   4.9687   5.9750   7.7598   7.9679   7.2183   6.7006   6.4205   5.9669   5.9954   6.3752   5.0539   4.4974   4.2433   4.1547   4.2206   4.4496   4.8951   5.6683   13.0077   2.5282   1.6977 
  DB STEP 115   LABELS   0.4000  -0.0415    0.3971  0.0126 
 4.0547   3.9170   3.9180   4.0727   4.4030   4.9810   5.9902   7.7741   7.9629   7.2242   6.7171   6.4168   5.9478   5.9881   6.3728   5.0377   4.4911   4.2355   4.1469   4.2165   4.4487   4.8924   5.6684   12.6528   2.5083   1.6968 
  DB STEP 116   LABELS   0.4000  -0.1931    0.4009  0.0259 
 4.0889   3.9373   3.9369   4.0824   4.4034   4.9733   5.9589   7.7251   7.9625   7.2346   6.7628   6.4255   5.9132   5.8790   6.4909   5.0766   4.4853   4.2265   4.1310   4.1883   4.4130   4.8415   5.5922   11.2150   2.4486   1.6926 
  DB STEP 117   LABELS   0.4000  0.1092    0.4004  -0.1851 
 4.1222   3.9568   3.9411   4.0724   4.3785   4.9194   5.8599   7.5269   8.0064   7.2166   6.7356   6.4267   5.9110   5.7249   6.7113   5.1379   4.5081   4.2260   4.1213   4.1621   4.3729   4.7804   5.4911   9.3408   2.4105   1.6890 
  DB STEP 118   LABELS   0.4000  0.0000    0.3782  -0.0936 
 4.1384   3.9719   3.9525   4.0852   4.3851   4.9248   5.8609   7.5148   7.9856   7.1936   6.7296   6.4083   5.8840   5.6476   6.7656   5.1352   4.5007   4.2185   4.1071   4.1538   4.3568   4.7552   5.4567   8.9457   2.3716   1.6861 
  DB STEP 119   LABELS   0.4000  -0.0291    0.3994  0.0374 
 4.1522   3.9827   3.9657   4.0977   4.4011   4.9416   5.8861   7.5354   7.9323   7.1648   6.7158   6.3816   5.8417   5.6153   6.7525   5.1239   4.4844   4.2025   4.0970   4.1422   4.3432   4.7464   5.4516   8.9542   2.3322   1.6833 
  DB STEP 120   LABELS   0.4000  -0.1356    0.4010  -0.0449 
 4.1725   3.9983   3.9764   4.0993   4.3956   4.9229   5.8488   7.4722   7.9473   7.1542   6.7184   6.3746   5.8225   5.4908   6.8894   5.1363   4.4856   4.1966   4.0870   4.1241   4.3164   4.7108   5.3944   8.1273   2.2927   1.6796 
  DB STEP 121   LABELS   0.4000  0.0287    0.3983  -0.1545 
 4.2044   4.0195   3.9868   4.0977   4.3808   4.8937   5.7824   7.3256   7.9908   7.1546   6.7765   6.4051   5.8196   5.4656   7.0414   5.1711   4.5019   4.2009   4.0789   4.1049   4.2878   4.6616   5.3187   6.9123   2.2540   1.6755 
  DB STEP 122   LABELS   0.4000  0.0538    0.3937  -0.0474 
 4.2137   4.0257   3.9917   4.1127   4.3937   4.9110   5.8092   7.3655   7.9222   7.1116   6.7257   6.3598   5.7772   5.4297   6.9325   5.1477   4.4881   4.1942   4.0709   4.0955   4.2762   4.6502   5.3133   6.5273   2.2151   1.6722 
  DB STEP 123   LABELS   0.4000  0.0168    0.4001  0.0888 
 4.2139   4.0370   4.0100   4.1291   4.4216   4.9504   5.8662   7.4576   7.8751   7.0714   6.7422   6.3159   5.7263   5.3855   6.9961   5.1136   4.4566   4.1728   4.0546   4.0883   4.2755   4.6571   5.3259   6.9292   2.1759   1.6691 
  DB STEP 124   LABELS   0.4000  -0.1173    0.4008  0.0046 
 4.2311   4.0490   4.0219   4.1339   4.4261   4.9481   5.8577   7.4313   7.8461   7.0391   6.7266   6.2936   5.6939   5.3573   7.0105   5.1189   4.4542   4.1645   4.0461   4.0738   4.2598   4.6322   5.2902   6.5179   2.1366   1.6650 
  DB STEP 125   LABELS   0.4000  0.1641    0.4015  -0.1259 
 4.2470   4.0581   4.0240   4.1359   4.4174   4.9350   5.8233   7.3578   7.8778   7.0257   6.7311   6.2975   5.6916   5.3452   7.0215   5.1259   4.4639   4.1650   4.0404   4.0656   4.2407   4.6083   5.2557   6.4530   2.1173   1.6627 
  DB STEP 126   LABELS   0.4000  0.0721    0.3776  -0.1132 
 4.2694   4.0759   4.0362   4.1514   4.4319   4.9479   5.8387   7.3833   7.8086   6.9683   6.7048   6.2538   5.6391   5.2972   6.9347   5.2003   4.4500   4.1514   4.0279   4.0500   4.2251   4.5892   5.2323   6.4200   2.0605   1.6567 
  DB STEP 127   LABELS   0.4000  0.0325    0.4010  0.1067 
 4.2668   4.0800   4.0446   4.1653   4.4475   4.9724   5.8827   7.4594   7.7591   6.9427   6.7078   6.2148   5.6053   5.2688   6.9491   5.1649   4.4318   4.1396   4.0216   4.0466   4.2258   4.5973   5.2463   6.4657   2.0410   1.6550 
  DB STEP 128   LABELS   0.4000  0.2049    0.3984  0.0870 
 4.2701   4.0880   4.0651   4.1851   4.4814   5.0158   5.9467   7.5643   7.6465   6.8743   6.6818   6.1323   5.5305   5.2078   6.9823   5.1193   4.3997   4.1134   3.9977   4.0299   4.2181   4.5952   5.2554   6.4797   1.9833   1.6493 
  DB STEP 129   LABELS   0.4000  0.0888    0.3823  0.1120 
 4.2692   4.0903   4.0700   4.2022   4.5069   5.0513   6.0019   7.6771   7.7108   6.8529   6.7114   6.0868   5.4981   5.1849   7.3566   5.0212   4.3832   4.1002   3.9903   4.0316   4.2240   4.6041   5.2817   6.5281   1.9639   1.6477 
  DB STEP 130   LABELS   0.4000  0.0507    0.4002  0.1686 
 4.2699   4.1039   4.0916   4.2349   4.5571   5.1339   6.1286   7.8719   7.3984   6.7756   6.6273   5.9634   5.4090   5.1176   7.0466   4.9587   4.3320   4.0717   3.9726   4.0215   4.2280   4.6263   5.3246   6.6158   1.9053   1.6425 
  DB STEP 131   LABELS   0.4000  0.2201    0.3999  0.0213 
 4.2708   4.1112   4.1017   4.2425   4.5684   5.1452   6.1463   7.8907   7.3343   6.7526   6.6055   5.9395   5.3844   5.0976   7.0265   4.9443   4.3218   4.0614   3.9681   4.0149   4.2183   4.6240   5.3234   6.6181   1.8859   1.6405 
  DB STEP 132   LABELS   0.4000  0.1798    0.3780  0.0619 
 4.2632   4.1182   4.1263   4.2943   4.6432   5.2663   6.3485   8.2030   6.9770   6.6719   6.4928   5.7882   5.2812   5.0876   6.9098   4.8466   4.2577   4.0225   3.9447   4.0124   4.2404   4.6689   5.4190   7.5449   1.8279   1.6364 
  DB STEP 133   LABELS   0.4000  0.0322    0.3975  0.2054 
 4.2556   4.1301   4.1495   4.3242   4.6980   5.3535   6.4905   8.2109   6.9026   6.6206   6.4117   5.6929   5.2147   5.1777   6.7631   4.7971   4.2165   3.9937   3.9339   4.0111   4.2503   4.6995   5.4795   8.9460   1.7885   1.6337 
  DB STEP 134   LABELS   0.4000  0.1881    0.3942  0.0599 
 4.2641   4.1326   4.1567   4.3340   4.7114   5.3675   6.5135   8.2384   6.8739   6.5970   6.3844   5.6648   5.1881   5.1530   6.7157   4.7761   4.2103   3.9917   3.9224   4.0077   4.2463   4.6987   5.4824   8.9523   1.7688   1.6319 
  DB STEP 135   LABELS   0.4000  0.1563    0.3977  0.0384 
 4.2625   4.1524   4.1863   4.3907   4.7908   5.4952   6.7151   8.1594   6.7772   6.5297   6.2577   5.5391   5.0964   5.2911   6.5400   4.6989   4.1525   3.9537   3.9071   4.0054   4.2600   4.7414   5.5628   10.3939   1.7104   1.6283 
  DB STEP 136   LABELS   0.4000  0.1099    0.3984  0.1828 
 4.2592   4.1559   4.2021   4.4156   4.8235   5.5412   6.8028   8.0722   6.7386   6.5079   6.2078   5.4876   5.0634   5.3355   6.4613   4.6635   4.1314   3.9442   3.8998   4.0029   4.2697   4.7547   5.5977   10.9500   1.6907   1.6272 
  DB STEP 137   LABELS   0.4000  0.1551    0.4010  0.1382 
 4.2718   4.1797   4.2365   4.4618   4.8965   5.6556   6.9580   7.9258   6.6516   6.4443   6.0795   5.3793   4.9787   5.4256   6.2798   4.5941   4.0841   3.9092   3.8809   3.9950   4.2742   4.7851   5.6627   12.0554   1.6315   1.6236 
  DB STEP 138   LABELS   0.4000  0.1190    0.3986  0.1697 
 4.2728   4.1923   4.2674   4.5051   4.9702   5.7695   7.1053   7.8135   6.5870   6.3986   5.9654   5.2928   4.9165   5.5446   6.1252   4.5232   4.0451   3.8853   3.8671   3.9959   4.2950   4.8251   5.7477   13.1984   1.5919   1.6220 
  DB STEP 139   LABELS   0.4000  0.0653    0.4000  0.1171 
 4.2752   4.2034   4.2768   4.5273   4.9956   5.8087   7.1895   7.7499   6.5578   6.3750   5.9165   5.2590   4.8935   5.6017   6.0648   4.5046   4.0287   3.8728   3.8606   3.9947   4.2938   4.8328   5.7672   13.1924   1.5721   1.6210 
  DB STEP 140   LABELS   0.4000  0.0000    0.4005  0.0699 
 4.2925   4.2244   4.3071   4.5615   5.0425   5.8734   7.2903   7.5952   6.4925   6.3201   5.8178   5.1822   4.8225   5.5460   6.0122   4.4601   3.9989   3.8432   3.8376   3.9767   4.2774   4.8218   5.7684   13.0414   1.5126   1.6168 
  DB STEP 141   LABELS   0.4000  -0.0362    0.3976  -0.0100 
 4.3042   4.2324   4.3166   4.5679   5.0482   5.8797   7.2921   7.5773   6.4753   6.3039   5.8016   5.1656   4.8067   5.5385   6.0057   4.4666   3.9883   3.8413   3.8330   3.9678   4.2668   4.8089   5.7483   13.0394   1.4927   1.6150 
  DB STEP 142   LABELS   0.4000  0.0452    0.4005  -0.0390 
 4.3321   4.2559   4.3386   4.5876   5.0667   5.8912   7.2863   7.4679   6.4247   6.2493   5.7460   5.1123   4.7508   5.4269   6.1517   4.4599   3.9689   3.8181   3.8053   3.9379   4.2311   4.7682   5.6882   11.8963   1.4333   1.6094 
  DB STEP 143   LABELS   0.4000  0.0000    0.3989  0.0595 
 4.3347   4.2642   4.3492   4.6045   5.0854   5.9231   7.3426   7.3897   6.3996   6.2292   5.7117   5.0796   4.7285   5.4174   6.0665   4.4416   3.9555   3.8074   3.7981   3.9317   4.2320   4.7693   5.6983   11.8878   1.4135   1.6079 
  DB STEP 144   LABELS   0.4000  0.0000    0.3992  0.0735 
 4.3639   4.2902   4.3740   4.6318   5.1176   5.9591   7.3847   7.2819   6.3459   6.1718   5.6389   5.0184   4.6724   5.3804   6.1314   4.4190   3.9316   3.7819   3.7735   3.9030   4.2020   4.7396   5.6634   11.2193   1.3541   1.6021 
  DB STEP 145   LABELS   0.4000  -0.0460    0.4004  -0.0090 
 4.3831   4.3036   4.3904   4.6453   5.1381   5.9777   7.4174   7.2566   6.3046   6.1351   5.5953   4.9760   4.6319   5.2785   6.2053   4.4075   3.9133   3.7634   3.7578   3.8876   4.1852   4.7148   5.6338   11.2151   1.3145   1.5978 
  DB STEP 146   LABELS   0.4000  0.0000    0.4007  -0.0479 
 4.3920   4.3142   4.3962   4.6517   5.1365   5.9698   7.3968   7.2407   6.2956   6.1164   5.5811   4.9630   4.6140   5.1865   6.2825   4.4081   3.9085   3.7583   3.7444   3.8745   4.1715   4.6935   5.6051   10.7002   1.2947   1.5952 
  DB STEP 147   LABELS   0.4000  0.0000    0.4013  -0.0650 
 4.4132   4.3384   4.4242   4.6771   5.1637   6.0061   7.4414   7.1265   6.2358   6.0614   5.5160   4.9046   4.5568   5.1478   6.3036   4.3786   3.8839   3.7322   3.7213   3.8502   4.1412   4.6627   5.5674   10.1802   1.2355   1.5881 
  DB STEP 148   LABELS   0.4000  0.0000    0.4000  0.0101 
 4.4262   4.3459   4.4315   4.6895   5.1736   6.0148   7.4499   7.0410   6.2169   6.0404   5.4900   4.8789   4.5410   5.0627   6.3673   4.3774   3.8764   3.7292   3.7147   3.8393   4.1324   4.6528   5.5529   10.1827   1.2157   1.5856 
  DB STEP 149   LABELS   0.4000  -0.0727    0.4004  -0.0222 
 4.5041   4.3993   4.4552   4.6837   5.1377   5.9169   7.2345   7.1699   6.1560   5.9519   5.4744   4.8296   4.4621   4.4633   6.9759   4.3922   3.8599   3.6952   3.6596   3.7663   4.0220   4.4927   5.3039   6.8417   1.0972   1.5642 
  DB STEP 150   LABELS   0.4000  -0.2348    0.3999  -0.2676 
 4.5243   4.4059   4.4556   4.6706   5.1016   5.8619   7.1193   7.2831   6.1575   5.9393   5.5118   4.8415   4.4612   4.2773   7.2565   4.4439   3.8714   3.6903   3.6502   3.7441   3.9890   4.4377   5.2216   6.6814   1.0776   1.5590 
  DB STEP 151   LABELS   0.4000  0.0000    0.4020  -0.2451 
 4.5690   4.4309   4.4590   4.6549   5.0588   5.7699   6.9362   7.3440   6.1442   5.8974   5.5323   4.8436   4.4372   4.2352   6.7848   4.8373   3.9750   3.6810   3.6247   3.7025   3.9281   4.3450   5.0696   6.3971   1.0206   1.5436 
  DB STEP 152   LABELS   0.4000  0.0000    0.4000  -0.0226 
 4.5829   4.4465   4.4780   4.6746   5.0795   5.7957   6.9747   7.2598   6.1005   5.8621   5.4764   4.7986   4.3976   4.1961   6.8136   4.9246   3.9497   3.6653   3.6127   3.6900   3.9141   4.3379   5.0634   6.3763   0.9820   1.5333 
  DB STEP 153   LABELS   0.4000  -0.1405    0.4006  0.0032 
 4.5905   4.4547   4.4796   4.6767   5.0828   5.7962   6.9726   7.2455   6.0798   5.8380   5.4615   4.7778   4.3855   4.1829   6.7839   4.9307   3.9592   3.6660   3.6060   3.6834   3.9067   4.3228   5.0422   6.3507   0.9625   1.5275 
  DB STEP 154   LABELS   0.4000  -0.1937    0.4045  -0.0897 
 4.6443   4.4849   4.4867   4.6592   5.0293   5.6963   6.7742   7.3461   6.0772   5.8066   5.4921   4.7972   4.3683   4.1463   6.1584   5.5823   4.0394   3.6581   3.5866   3.6423   3.8369   4.2201   4.8830   6.0523   0.9051   1.5063 
  DB STEP 155   LABELS   0.4000  0.0000    0.3856  -0.1958 
 4.6773   4.5005   4.4931   4.6563   5.0126   5.6563   6.7145   7.4095   6.0658   5.7815   5.4909   4.7899   4.3519   4.1191   5.9816   5.8794   4.0824   3.6595   3.5725   3.6184   3.8084   4.1730   4.8151   5.9303   0.8682   1.4910 
  DB STEP 156   LABELS   0.4000  0.0000    0.3994  -0.0262 
 4.6882   4.5073   4.4996   4.6589   5.0169   5.6572   6.7174   7.3302   6.0450   5.7604   5.4687   4.7707   4.3300   4.1005   5.8227   5.9526   4.0650   3.6491   3.5670   3.6157   3.8054   4.1647   4.8011   5.9206   0.8496   1.4830 
  DB STEP 157   LABELS   0.4000  -0.0087    0.3995  0.0311 
 4.7039   4.5250   4.5181   4.6850   5.0412   5.6887   6.7361   7.2635   5.9846   5.7017   5.4073   4.7053   4.2706   4.0420   5.6965   6.0643   4.0599   3.6353   3.5502   3.5961   3.7891   4.1466   4.7815   5.8986   0.7937   1.4568 
  DB STEP 158   LABELS   0.4000  0.1733    0.3865  0.0055 
 4.7077   4.5349   4.5358   4.7040   5.0756   5.7379   6.8148   7.1356   5.9308   5.6563   5.3308   4.6418   4.2234   4.0062   5.8411   5.9939   4.0361   3.6133   3.5349   3.5872   3.7810   4.1538   4.7924   5.9350   0.7576   1.4384 
  DB STEP 159   LABELS   0.4000  0.0310    0.4002  0.1312 
 4.7044   4.5385   4.5430   4.7225   5.0971   5.7685   6.8617   7.0672   5.8969   5.6276   5.2929   4.6039   4.1941   3.9836   5.8038   5.9362   4.0233   3.6032   3.5286   3.5861   3.7805   4.1583   4.8117   5.9687   0.7392   1.4286 
  DB STEP 160   LABELS   0.4000  0.0000    0.4002  0.0617 
 4.7238   4.5581   4.5603   4.7368   5.1175   5.7893   6.8878   6.9662   5.8398   5.5793   5.2247   4.5446   4.1403   3.9285   5.6448   6.0522   4.0135   3.5842   3.5090   3.5655   3.7630   4.1307   4.7827   5.9341   0.6844   1.3948 
  DB STEP 161   LABELS   0.4000  0.1874    0.3837  0.0150 
 4.7227   4.5687   4.5792   4.7602   5.1523   5.8486   6.9933   6.8179   5.7805   5.5341   5.1484   4.4806   4.0864   3.8855   5.7409   5.9227   3.9887   3.5628   3.4966   3.5610   3.7597   4.1398   4.8060   5.9836   0.6491   1.3706 
  DB STEP 162   LABELS   0.4000  0.1419    0.3976  0.1722 
 4.7218   4.5706   4.5887   4.7847   5.1892   5.9015   7.0694   6.6629   5.7433   5.5067   5.0853   4.4336   4.0548   3.8639   5.8930   5.8155   3.9636   3.5479   3.4920   3.5560   3.7644   4.1566   4.8393   6.0437   0.6312   1.3577 
  DB STEP 163   LABELS   0.4000  0.0000    0.3989  0.1694 
 4.7257   4.5895   4.6191   4.8267   5.2441   5.9808   7.2040   6.3989   5.6664   5.4467   4.9691   4.3446   3.9775   3.8001   5.9387   5.7283   3.9213   3.5169   3.4711   3.5453   3.7556   4.1621   4.8598   6.1111   0.5776   1.3139 
  DB STEP 164   LABELS   0.4000  0.0000    0.4004  -0.0482 
 4.7419   4.5947   4.6230   4.8300   5.2460   5.9800   7.1946   6.3860   5.6546   5.4266   4.9570   4.3220   3.9634   3.7811   5.8282   5.7566   3.9231   3.5183   3.4656   3.5356   3.7488   4.1485   4.8397   6.0755   0.5600   1.2968 
  DB STEP 165   LABELS   0.4000  -0.0679    0.4006  -0.0337 
 4.7601   4.6132   4.6378   4.8374   5.2551   5.9863   7.2060   6.3529   5.6173   5.3871   4.9202   4.2910   3.9303   3.7483   5.6938   5.9905   3.9264   3.5044   3.4486   3.5189   3.7340   4.1242   4.8107   6.0354   0.5255   1.2596 
  DB STEP 166   LABELS   0.4000  0.1127    0.4017  -0.0616 
 4.7827   4.6323   4.6596   4.8570   5.2684   6.0024   7.2007   6.2368   5.5641   5.3343   4.8543   4.2331   3.8771   3.6927   5.4057   6.1175   3.9056   3.4850   3.4251   3.4951   3.7077   4.0955   4.7717   5.9741   0.4760   1.1949 
  DB STEP 167   LABELS   0.4000  0.0000    0.4006  0.0819 
 4.7808   4.6357   4.6652   4.8636   5.2891   6.0253   7.2457   6.1388   5.5360   5.3143   4.8224   4.2059   3.8509   3.6769   5.4862   6.2163   3.9113   3.4768   3.4187   3.4913   3.6996   4.0980   4.7736   5.9910   0.4598   1.1702 
  DB STEP 168   LABELS   0.4000  0.0000    0.4022  0.0280 
 4.7989   4.6522   4.6790   4.8792   5.2993   6.0392   7.2560   6.0338   5.5000   5.2780   4.7772   4.1633   3.8154   3.6403   5.2681   6.2700   3.8915   3.4627   3.4114   3.4755   3.6848   4.0737   4.7518   5.9541   0.4282   1.1146 
  DB STEP 169   LABELS   0.4000  0.1197    0.3987  -0.0259 
 4.8085   4.6709   4.7054   4.9165   5.3506   6.1093   7.3106   5.8726   5.4252   5.2117   4.6689   4.0798   3.7451   3.5774   5.2419   6.2528   3.8655   3.4351   3.3875   3.4669   3.6774   4.0789   4.7626   6.0002   0.3841   1.0169 
  DB STEP 170   LABELS   0.4000  0.0937    0.3981  0.1483 
 4.8105   4.6830   4.7264   4.9503   5.3994   6.1870   7.2014   5.7981   5.3693   5.1560   4.5759   4.0124   3.6880   3.5370   5.3365   6.0839   3.8433   3.4171   3.3727   3.4560   3.6785   4.0879   4.7985   6.0792   0.3566   0.9395 
  DB STEP 171   LABELS   0.4000  0.0444    0.4003  0.0512 
 4.8177   4.6908   4.7350   4.9602   5.4166   6.2115   7.1629   5.7703   5.3474   5.1325   4.5447   3.9869   3.6716   3.5184   5.3243   6.0764   3.8237   3.4077   3.3673   3.4496   3.6713   4.0870   4.7989   6.0776   0.3437   0.8961 
  DB STEP 172   LABELS   0.4000  0.1354    0.4004  0.0140 
 4.8278   4.7069   4.7670   5.0069   5.4763   6.3049   7.0462   5.6737   5.2709   5.0544   4.4242   3.8976   3.5994   3.4549   5.4298   5.9352   3.7926   3.3774   3.3481   3.4396   3.6712   4.0973   4.8281   6.1538   0.3094   0.7477 
  DB STEP 173   LABELS   0.4000  0.0762    0.3963  0.1559 
 4.8308   4.7253   4.7915   5.0416   5.5316   6.3740   6.9699   5.6049   5.2136   4.9925   4.3418   3.8377   3.5449   3.4197   5.5427   5.9114   3.7696   3.3575   3.3343   3.4285   3.6704   4.1056   4.8537   6.2235   0.2905   0.6311 
  DB STEP 174   LABELS   0.4000  0.0392    0.4001  0.0264 
 4.8398   4.7304   4.7989   5.0534   5.5433   6.3861   6.9155   5.5813   5.1970   4.9676   4.3168   3.8139   3.5288   3.3980   5.4044   5.9106   3.7658   3.3473   3.3252   3.4248   3.6605   4.0981   4.8483   6.2151   0.2826   0.5670 
  DB STEP 175   LABELS   0.4000  0.0000    0.3999  0.0065 
 4.8637   4.7554   4.8200   5.0808   5.5780   6.4159   6.8114   5.5152   5.1350   4.9009   4.2427   3.7486   3.4677   3.3396   5.2454   6.0431   3.7277   3.3411   3.3040   3.4018   3.6396   4.0744   4.8235   6.1897   0.2666   0.3561 
  DB STEP 176   LABELS   0.4000  0.0717    0.3999  0.0047 
 4.8701   4.7690   4.8439   5.1079   5.6188   6.4464   6.7794   5.4573   5.0893   4.8415   4.1737   3.6943   3.4223   3.2983   5.2282   6.0404   3.6993   3.3250   3.2848   3.3900   3.6323   4.0724   4.8291   6.2239   0.2629   0.2065 
  DB STEP 177   LABELS   0.4000  0.0238    0.3995  0.0994 
 4.8718   4.7769   4.8559   5.1221   5.6396   6.4645   6.6666   5.4281   5.0631   4.8067   4.1392   3.6661   3.3998   3.2813   5.3497   6.0282   3.6851   3.3375   3.2824   3.3827   3.6331   4.0753   4.8422   6.2461   0.2633   0.1310 
  DB STEP 178   LABELS   0.4000  0.0000    0.4004  0.0289 
 4.9009   4.8016   4.8766   5.1456   5.6608   6.4882   6.5760   5.3694   5.0129   4.7467   4.0710   3.6062   3.3462   3.2272   5.0537   6.1985   3.6167   3.3418   3.2560   3.3567   3.6022   4.0418   4.8009   6.1820   0.2731   0.0904 
  DB STEP 179   LABELS   0.4000  -0.0498    0.3992  -0.0045 
 4.9182   4.8196   4.8897   5.1554   5.6675   6.4959   6.5586   5.3369   4.9786   4.7135   4.0340   3.5717   3.3070   3.1862   4.7548   6.4953   3.5709   3.3614   3.2387   3.3428   3.5786   4.0069   4.7508   6.1092   0.2866   0.2256 
  DB STEP 180   LABELS   0.4000  0.0274    0.4006  -0.0555 
 4.9307   4.8232   4.8950   5.1618   5.6694   6.4956   6.5478   5.3247   4.9592   4.6924   4.0187   3.5554   3.2910   3.1695   4.7420   6.5110   3.5445   3.3685   3.2318   3.3285   3.5704   3.9945   4.7355   6.0859   0.2952   0.2874 
  DB STEP 181   LABELS   0.4000  0.0000    0.3997  0.0205 
 4.9496   4.8464   4.9217   5.1949   5.7139   6.5542   6.4040   5.2531   4.8973   4.6129   3.9353   3.4867   3.2303   3.1127   4.5693   6.6709   3.4939   3.3725   3.2088   3.3091   3.5498   3.9783   4.7224   6.0795   0.3268   0.4504 
  DB STEP 182   LABELS   0.3919  0.0000    0.3922  -0.0374 
 4.9691   4.8630   4.9402   5.2048   5.7235   6.5566   6.3156   5.2195   4.8637   4.5753   3.8925   3.4489   3.1913   3.0766   4.4010   6.8213   3.4655   3.3866   3.1946   3.2915   3.5288   3.9556   4.6870   6.0319   0.3512   0.5390 
  DB STEP 183   LABELS   0.3686  0.0000    0.3692  0.0191 
 4.9736   4.8694   4.9520   5.2144   5.7383   6.5769   6.3071   5.1958   4.8475   4.5463   3.8707   3.4265   3.1720   3.0625   4.2437   6.8267   3.4577   3.3975   3.1846   3.2855   3.5219   3.9446   4.6810   6.0310   0.3637   0.5768 
  DB STEP 184   LABELS   0.3462  -0.0314    0.3690  0.0172 
 4.9984   4.8916   4.9653   5.2326   5.7442   6.5784   6.2133   5.1555   4.8021   4.5001   3.8178   3.3781   3.1298   3.0111   3.9175   7.1215   3.4328   3.4137   3.1674   3.2623   3.4937   3.9093   4.6339   5.9481   0.4015   0.6707 
  DB STEP 185   LABELS   0.3252  0.0000    0.3255  -0.0376 
 5.0078   4.8973   4.9696   5.2359   5.7486   6.5884   6.2039   5.1386   4.7886   4.4838   3.8036   3.3632   3.1108   3.0034   3.9008   7.2654   3.4345   3.4220   3.1596   3.2533   3.4836   3.9010   4.6174   5.9321   0.4140   0.6963 
  DB STEP 186   LABELS   0.3054  -0.0243    0.3250  0.0201 
 5.0266   4.9138   4.9867   5.2549   5.7666   6.6095   6.1141   5.0934   4.7456   4.4301   3.7522   3.3142   3.0683   2.9569   3.5662   7.4297   3.4200   3.4223   3.1401   3.2319   3.4621   3.8747   4.5876   5.8902   0.4505   0.7609 
  DB STEP 187   LABELS   0.2893  0.0000    0.2899  -0.0521 
 5.0362   4.9296   4.9960   5.2651   5.7788   6.6156   6.0358   5.0663   4.7160   4.3994   3.7177   3.2861   3.0414   2.9332   3.5457   7.5786   3.4170   3.4156   3.1317   3.2234   3.4513   3.8581   4.5688   5.8667   0.4740   0.7957 
  DB STEP 188   LABELS   0.2718  0.0000    0.2717  0.0355 
 5.0437   4.9338   5.0077   5.2706   5.7922   6.6342   6.0225   5.0487   4.6995   4.3766   3.7001   3.2722   3.0247   2.9122   3.3801   7.5637   3.4189   3.4055   3.1222   3.2171   3.4474   3.8560   4.5648   5.8668   0.4854   0.8109 
  DB STEP 189   LABELS   0.2553  0.0000    0.2722  0.0074 
 5.0580   4.9472   5.0196   5.2862   5.8041   6.6390   5.9373   5.0102   4.6671   4.3350   3.6566   3.2334   2.9900   2.8794   3.1916   7.7317   3.4135   3.4121   3.1061   3.1960   3.4255   3.8331   4.5416   5.8265   0.5182   0.8508 
  DB STEP 190   LABELS   0.2398  0.0000    0.2403  0.0132 
 5.0656   4.9580   5.0285   5.2945   5.8160   6.6636   5.8562   4.9854   4.6444   4.3025   3.6257   3.2046   2.9652   2.8562   3.0142   7.8877   3.4159   3.4107   3.0989   3.1917   3.4179   3.8249   4.5284   5.8133   0.5387   0.8728 
  DB STEP 191   LABELS   0.2252  0.0000    0.2249  -0.0082 
 5.0764   4.9662   5.0354   5.3080   5.8253   6.6625   5.8406   4.9633   4.6249   4.2775   3.6034   3.1827   2.9470   2.8389   2.9933   7.8878   3.4227   3.4065   3.0884   3.1840   3.4071   3.8129   4.5148   5.7920   0.5582   0.8921 
  DB STEP 192   LABELS   0.2115  -0.0587    0.2120  -0.0143 
 5.0836   4.9695   5.0402   5.3031   5.8262   6.6591   5.8322   4.9577   4.6131   4.2701   3.5926   3.1756   2.9334   2.8277   2.8254   8.0418   3.4207   3.4161   3.0869   3.1728   3.4002   3.8029   4.4998   5.7664   0.5676   0.9011 
  DB STEP 193   LABELS   0.1987  0.0000    0.2123  -0.0714 
 5.1007   4.9805   5.0476   5.3031   5.8115   6.6382   5.8273   4.9506   4.6031   4.2617   3.5857   3.1595   2.9184   2.8060   2.7987   7.8714   3.6109   3.4218   3.0788   3.1640   3.3766   3.7777   4.4504   5.6940   0.5768   0.9098 
  DB STEP 194   LABELS   0.1866  0.0000    0.1989  0.0011 
 5.0991   4.9846   5.0519   5.3169   5.8299   6.6680   5.7450   4.9202   4.5812   4.2348   3.5559   3.1422   2.9019   2.7903   2.7880   7.8793   3.6044   3.4297   3.0699   3.1594   3.3754   3.7717   4.4611   5.7072   0.5943   0.9241 
  DB STEP 195   LABELS   0.1753  0.0000    0.1869  0.0129 
 5.1106   4.9924   5.0576   5.3172   5.8311   6.6609   5.7328   4.9122   4.5663   4.2159   3.5406   3.1220   2.8875   2.7745   2.7659   7.8682   3.6186   3.4309   3.0621   3.1488   3.3658   3.7602   4.4416   5.6773   0.6109   0.9373 
  DB STEP 196   LABELS   0.1625  -0.0764    0.1756  -0.0146 
 5.1189   5.0003   5.0625   5.3245   5.8284   6.6589   5.7259   4.8939   4.5532   4.2038   3.5262   3.1070   2.8738   2.7581   2.7501   7.7054   3.7939   3.4263   3.0581   3.1406   3.3556   3.7438   4.4210   5.6471   0.6265   0.9491 
  DB STEP 197   LABELS   0.1526  -0.0605    0.1627  -0.0834 
 5.1374   5.0075   5.0642   5.3090   5.8020   6.6081   5.8470   4.9070   4.5535   4.2179   3.5394   3.1104   2.8639   2.7478   2.7355   7.3515   4.1813   3.4027   3.0695   3.1290   3.3335   3.7138   4.3677   5.5485   0.6412   0.9603 
  DB STEP 198   LABELS   0.0000  0.0000    0.1527  -0.0656 
 