1.8805   3.2180   5.7972   4.5330   1.5833   1.4237   1.3715   1.2957   1.0642   1.0493   1.4844   2.1954   2.3106   2.8702   2.3802   2.2029   7.3687   1.7920   1.4319   0.8100   1.2929   0.9953   0.7569   0.9291   2.6727   0.4850 
  DB STEP 0   LABELS   0.0000  0.0000 
 1.8803   3.2170   5.7849   4.5330   1.5834   1.4238   1.3723   1.2944   1.0653   1.0452   1.4845   2.1968   2.3130   2.8709   2.3806   2.2018   6.0516   1.7931   1.4309   0.8101   1.2940   0.9937   0.7568   0.9339   2.6727   0.4850 
  DB STEP 1   LABELS   0.0000  0.0000 
 1.8808   3.2190   5.8085   4.5324   1.5818   1.4239   1.3723   1.2941   1.0663   1.0476   1.4845   2.1987   2.3122   2.8725   2.3802   2.2023   7.3703   1.7901   1.4317   0.8098   1.2939   0.9923   0.7588   0.9315   2.6727   0.4850 
  DB STEP 2   LABELS   0.0000  0.0000 
 4.6039   5.4176   1.9225   1.5102   1.3396   1.3589   1.1498   1.0562   1.0914   2.2221   1.9743   2.8576   2.7516   1.7218   1.8798   1.6613   1.9112   1.0926   1.5727   1.3277   0.7515   0.7970   1.1812   1.5864   2.6727   0.3660 
  DB STEP 3   LABELS   0.0000  1.0000 
 5.5058   3.7869   1.4540   1.3748   1.3735   1.1865   1.0027   0.9454   1.6631   2.0469   2.1935   2.7817   2.4000   1.6084   1.7714   1.4893   1.9068   1.2539   1.1413   1.5039   0.7994   0.7638   1.1031   1.4608   2.5721   0.3326 
  DB STEP 4   LABELS   0.5000  0.0000 
 4.4348   1.8370   1.4098   1.3812   1.0966   0.9158   0.8299   1.2393   2.1711   1.8606   2.4877   2.5916   1.8591   1.3790   1.6862   1.1402   1.5716   1.7200   1.2051   0.8163   1.3578   0.8474   0.7791   1.1853   2.4141   0.3076 
  DB STEP 5   LABELS   0.5000  0.0000 
 5.0043   2.6941   1.6848   1.4250   1.1520   0.8949   0.7667   0.9824   3.0400   1.6090   1.7640   2.4050   2.4711   1.7176   1.1717   1.6205   1.1989   1.1649   1.3236   1.6953   1.0982   0.6336   0.7719   0.8641   2.1954   0.3903 
  DB STEP 6   LABELS   0.5000  0.0000 
 3.5920   1.5433   1.0403   0.7400   0.7635   0.9189   1.1362   2.7557   1.5982   1.6328   2.0857   2.0967   1.8765   1.0404   0.8528   1.0714   1.2583   1.1109   1.7175   1.1909   1.4336   1.2629   0.6742   0.6842   1.9174   0.3728 
  DB STEP 7   LABELS   0.5000  0.0000 
 3.7047   4.9847   1.5466   0.8793   0.7712   0.8439   0.9572   1.7342   2.4565   1.6662   1.9486   1.8954   1.9039   1.9553   1.2088   1.3161   1.8717   0.7412   1.1699   1.2653   1.1399   1.3085   1.1402   1.4347   1.6653   0.5287 
  DB STEP 8   LABELS   0.5000  0.0000 
 1.4590   0.7759   0.7846   0.8247   0.9107   1.5518   2.6113   2.5642   1.8333   1.7527   1.7747   1.7598   1.9183   0.9051   0.7164   0.7777   0.8760   0.6381   1.2573   1.3994   1.1164   1.2303   1.5406   1.0794   1.5009   0.5855 
  DB STEP 9   LABELS   0.5000  0.0000 
 0.7728   0.8008   0.8378   0.9129   1.5319   2.5775   2.1817   1.8009   1.7102   1.7228   1.7102   1.8279   1.1451   0.7124   0.6693   0.9933   0.8710   0.8116   1.3796   1.0997   1.3864   1.4021   1.2617   0.9025   1.3965   0.6230 
  DB STEP 10   LABELS   0.5000  0.0000 
 0.8513   0.7111   0.7562   0.8220   0.9380   2.3741   2.8946   1.7305   1.8509   1.8096   1.8697   2.0537   1.4833   0.8225   0.8067   1.1788   0.7270   1.0052   1.0804   1.3229   1.2736   1.7063   0.9202   0.8632   1.4656   0.6032 
  DB STEP 11   LABELS   -0.5000  0.0000 
 4.6634   1.3984   0.7545   0.7337   0.7740   0.8695   1.0186   2.6721   2.7457   1.8566   1.7823   1.8101   1.7981   1.9512   0.9915   0.7751   1.3700   1.1723   0.9082   1.3143   1.1792   1.4064   1.2704   1.3694   1.4656   0.7452 
  DB STEP 12   LABELS   0.0000  -1.0000 
 4.8964   1.5364   0.7871   0.7272   0.7685   0.8568   0.9941   2.4588   2.8305   1.8537   1.7839   1.8026   1.8008   1.9239   1.1594   0.7898   1.3806   1.3237   0.8142   1.2892   1.1566   1.4358   1.2319   1.4303   1.4656   0.7555 
  DB STEP 13   LABELS   0.0000  -1.0000 
 3.2165   4.8886   1.3864   0.7141   0.7281   0.7616   0.8295   0.9491   2.8470   2.7984   1.6694   1.7221   1.6745   1.6990   1.7127   1.9158   32.8170   2.5545   1.5287   1.1657   0.4822   0.7589   1.1878   1.4231   1.4418   0.9454 
  DB STEP 14   LABELS   0.5000  0.0000 
 3.7262   3.2206   0.7331   0.7373   0.7531   0.7853   0.8641   2.6376   2.4190   1.5783   1.6419   1.5546   1.5672   1.5771   1.6287   1.8389   26.4568   1.8987   1.8932   1.4377   0.9385   0.4739   0.5148   1.0388   1.4048   0.9895 
  DB STEP 15   LABELS   0.5000  0.0000 
 0.8701   0.8249   0.7977   0.7799   0.8007   1.4482   2.1056   2.5350   1.1878   1.3411   1.3117   1.2538   1.2707   1.2721   1.2986   1.4907   22.0852   5.3070   2.5431   1.0528   1.4622   1.1400   0.8433   0.5813   1.2958   1.2019 
  DB STEP 16   LABELS   0.5000  0.0000 
 0.8386   0.8221   0.9330   1.7387   1.2550   2.0059   1.1577   1.1968   1.1471   1.0790   1.0726   1.1102   1.0657   1.1567   1.3610   19.3524   2.6821   3.0723   1.7836   1.0079   1.2106   1.2783   0.7541   0.6752   1.2597   1.2634 
  DB STEP 17   LABELS   0.0000  1.0000 
 0.9053   1.1609   1.8123   1.2001   1.3069   1.3894   1.1126   1.0368   0.9576   0.9308   0.9420   0.9450   0.9231   1.0647   1.2883   28.8495   2.9897   5.9526   2.7337   1.2449   1.0066   1.2235   1.2150   0.8046   1.2187   1.2796 
  DB STEP 18   LABELS   0.5000  0.0000 
 1.2963   1.7126   1.1590   1.4508   1.7948   1.0159   0.8973   0.7952   0.7469   0.7293   0.7390   0.6893   0.6860   0.7908   0.9609   4.0213   2.2522   3.0031   2.4343   1.3024   1.3173   1.3286   0.9019   1.3051   1.1622   1.4717 
  DB STEP 19   LABELS   0.0000  1.0000 
 1.9780   1.0807   2.4794   1.1398   0.9610   0.8356   0.7626   0.7254   0.7197   0.7373   0.6329   0.7078   0.8416   1.0500   21.9015   2.9483   6.0305   3.2433   1.2339   18.9885   6.6266   0.9421   1.2702   1.0640   1.1622   1.3233 
  DB STEP 20   LABELS   0.5000  0.0000 
 1.3449   1.4193   2.1570   1.0269   0.8733   0.7576   0.6958   0.6650   0.6607   0.6235   0.5689   0.6381   0.7566   0.9519   9.5803   2.8643   4.4076   3.0050   1.4353   1.2281   1.3545   1.1637   1.1555   0.9759   1.1218   1.4051 
  DB STEP 21   LABELS   0.5000  0.0000 
 2.1786   3.1501   2.1565   1.0269   0.8735   0.7579   0.6941   0.6650   0.6619   0.6224   0.5715   0.6374   0.7576   0.9528   9.5797   2.5904   4.3210   3.0139   1.4337   1.2280   2.7124   1.1680   1.1586   0.9757   1.1218   1.4051 
  DB STEP 22   LABELS   0.5000  0.0000 
 2.1797   3.1698   2.1553   1.0285   0.8704   0.7583   0.6950   0.6632   0.6612   0.6218   0.5718   0.6359   0.7574   0.9548   9.5797   2.6663   3.5058   0.5595   1.0069   1.2303   1.3617   1.1457   1.1266   0.3050   1.1218   1.4051 
  DB STEP 23   LABELS   0.5000  0.0000 
 2.1795   3.1747   2.1542   1.0272   0.8694   0.7564   0.6965   0.6639   0.6611   0.6246   0.5706   0.6380   0.7586   0.9524   8.2609   1.7900   1.6149   3.0190   1.4058   1.2301   5.4180   1.1659   1.1582   0.9763   1.1218   1.4051 
  DB STEP 24   LABELS   0.5000  0.0000 
 2.1803   3.1764   2.1552   1.0268   0.8688   0.7566   0.6961   0.6657   0.6634   0.6242   0.5707   0.6377   0.7569   0.9541   8.2613   2.1979   2.2686   2.4370   1.4344   1.2282   5.4174   1.1619   1.1578   0.9762   1.1218   1.4051 
  DB STEP 25   LABELS   0.5000  0.0000 
 2.1785   3.1735   2.1531   1.0257   0.8711   0.7562   0.6907   0.6650   0.6603   0.6237   0.5706   0.6352   0.7563   0.9525   8.2203   2.5770   2.1435   2.4730   1.4321   1.2289   5.4197   1.1659   1.1576   0.9754   1.1218   1.4051 
  DB STEP 26   LABELS   0.5000  0.0000 
 2.1780   3.1722   2.1539   1.0270   0.8709   0.7561   0.6947   0.6648   0.6610   0.6232   0.5702   0.6350   0.7564   0.9529   8.2176   2.5769   2.1760   2.5109   1.4332   1.2267   5.4188   1.1656   1.1571   0.9769   1.1218   1.4051 
  DB STEP 27   LABELS   0.5000  0.0000 
 2.1787   3.1726   2.1573   1.0255   0.8719   0.7567   0.6935   0.6650   0.6630   0.6229   0.5706   0.6335   0.7568   0.9514   8.2180   2.5767   2.2335   2.4738   1.4330   1.2297   5.4185   1.1657   1.1565   0.9749   1.1218   1.4051 
  DB STEP 28   LABELS   0.5000  0.0000 
 2.1805   3.1775   2.1553   1.0261   0.8701   0.7580   0.6987   0.6654   0.6623   0.6226   0.5717   0.6392   0.7592   0.9538   10.9383   2.5502   2.1953   2.4765   1.4349   1.2279   1.3528   1.1659   1.1597   0.9766   1.1218   1.4051 
  DB STEP 29   LABELS   0.5000  0.0000 
 2.1785   3.1742   2.1585   1.0288   0.8694   0.7564   0.6931   0.6667   0.6621   0.6235   0.5723   0.6346   0.7570   0.9515   9.5781   2.5480   2.1522   2.4734   1.4336   1.2271   4.0650   1.1625   1.1570   0.9765   1.1218   1.4051 
  DB STEP 30   LABELS   0.5000  0.0000 
 2.1793   3.1728   2.1561   1.0260   0.8721   0.7585   0.6941   0.6649   0.6604   0.6221   0.5698   0.6372   0.7578   0.9526   9.5795   2.5469   2.1552   2.4746   1.4332   1.2269   1.3583   1.1666   1.1567   0.9763   1.1218   1.4051 
  DB STEP 31   LABELS   0.5000  0.0000 
 2.1755   3.1708   2.1501   1.0286   0.8723   0.7581   0.6958   0.6649   0.6617   0.6247   0.5710   0.6384   0.7566   0.9540   9.5788   2.5505   2.1906   2.4745   1.4325   1.2303   1.3556   1.1679   1.1567   0.9769   1.1218   1.4051 
  DB STEP 32   LABELS   0.5000  0.0000 
 2.1774   3.1801   2.1526   1.0250   0.8711   0.7579   0.6952   0.6666   0.6618   0.6228   0.5723   0.6383   0.7589   0.9533   8.2220   2.5511   2.1961   2.4748   1.4336   1.2287   1.3568   1.1629   1.1568   0.9764   1.1218   1.4051 
  DB STEP 33   LABELS   0.5000  0.0000 
 2.1781   3.1749   2.1543   1.0265   0.8738   0.7573   0.6974   0.6661   0.6630   0.6219   0.5734   0.6367   0.7577   0.9538   9.5788   2.5533   2.1533   2.4746   1.4335   1.2282   1.3536   1.1649   1.1571   0.9760   1.1218   1.4051 
  DB STEP 34   LABELS   0.5000  0.0000 
 2.1762   3.1731   2.1544   1.0248   0.8718   0.7575   0.6966   0.6618   0.6603   0.6251   0.5701   0.6372   0.7568   0.9536   5.6490   2.5490   2.1523   2.4738   1.4363   1.2281   1.3569   1.1487   1.1560   0.9740   1.9502   0.6773 
  DB STEP 35   LABELS   0.5000  0.0000 
 2.1772   3.1755   2.1572   1.0274   0.8710   0.7578   0.6966   0.6662   0.6610   0.6246   0.5717   0.6355   0.7571   0.9536   8.3070   2.5503   2.1646   2.4756   1.4337   1.2283   1.3559   1.1667   1.1573   0.9761   1.9502   0.6773 
  DB STEP 36   LABELS   0.5000  0.0000 
 2.1793   3.1767   2.1542   1.0280   0.8733   0.7567   0.6935   0.6636   0.6605   0.6234   0.5733   0.6374   0.7590   0.9544   1.6355   2.5673   2.0486   2.4728   1.4343   1.2287   1.3550   1.1667   1.1599   0.9766   1.9502   0.6773 
  DB STEP 37   LABELS   0.5000  0.0000 
 2.1763   3.1755   2.1537   1.0284   0.8730   0.7571   0.6929   0.6651   0.6616   0.6239   0.5727   0.6375   0.7584   0.9515   4.2436   2.5353   2.1069   2.4755   1.4301   1.2285   5.4207   1.1678   1.1583   0.9760   1.9502   0.6773 
  DB STEP 38   LABELS   0.5000  0.0000 
 2.1785   3.1741   2.1560   1.0284   0.8737   0.7591   0.6964   0.6660   0.6632   0.6244   0.5738   0.6387   0.7581   0.9534   4.2107   2.5923   2.5569   2.0290   1.4362   1.2266   4.0646   1.1656   1.1582   0.9773   1.9502   0.6773 
  DB STEP 39   LABELS   0.5000  0.0000 
 1.4604   1.9035   2.2546   2.9801   1.1700   0.9451   0.8008   0.7164   0.6692   0.6509   0.6613   0.5544   0.5829   0.6644   0.7997   1.0404   1.9265   2.7549   1.7480   1.4310   1.2244   1.4061   1.1705   0.9604   1.9502   0.5351 
  DB STEP 40   LABELS   0.0000  -1.0000 
 2.6204   1.3303   1.1800   1.3028   1.7221   2.0665   3.6739   1.9705   0.9896   0.8338   0.7219   0.6641   0.6415   0.6398   0.6224   0.5341   0.5952   0.6979   0.8648   1.3880   1.8153   1.5287   1.3941   1.2677   1.9502   0.2653 
  DB STEP 41   LABELS   0.0000  -1.0000 
 3.3544   3.5657   2.1761   1.3590   1.1954   1.2471   1.6532   2.0620   2.5731   2.2732   1.0173   0.8557   0.7376   0.6729   0.6442   0.6381   0.6515   0.5318   0.5759   0.6613   0.8068   1.2982   1.6523   1.5806   1.9502   0.0957 
  DB STEP 42   LABELS   0.0000  -1.0000 
 4.7570   3.3050   3.1173   1.5270   1.2544   1.1447   1.4800   1.9327   2.2491   2.9457   1.1375   0.9192   0.7734   0.6957   0.6519   0.6393   0.6453   0.5822   0.5511   0.6190   0.7358   1.0113   1.6216   1.6412   1.9502   0.0098 
  DB STEP 43   LABELS   0.0000  -1.0000 
 1.3491   1.9238   3.7884   4.4491   3.3082   3.0435   1.6866   1.2257   1.1298   1.5088   1.9593   2.8612   3.1312   1.1037   0.9022   0.7660   0.6938   0.6551   0.6447   0.6526   0.5861   0.5568   0.6251   0.7588   1.9502   0.1742 
  DB STEP 44   LABELS   0.0000  -1.0000 
 0.6244   1.2967   1.6987   2.2957   5.5393   3.2472   3.3945   1.7594   1.2277   1.0849   1.2014   1.5997   2.0039   3.5156   2.6361   0.9921   0.8420   0.7293   0.6719   0.6423   0.6382   0.6563   0.6491   0.5699   1.9322   0.3260 
  DB STEP 45   LABELS   0.5000  0.0000 
 1.0760   1.5221   1.9857   3.0572   5.4440   3.2051   3.0601   1.3204   1.0590   0.9353   1.1096   1.5027   2.0926   3.0015   5.9211   7.8569   0.8251   0.7545   0.6676   0.6346   0.6264   0.6410   0.6781   0.7207   1.9060   0.3846 
  DB STEP 46   LABELS   0.5000  0.0000 
 1.7500   1.7623   2.0303   4.5161   4.6469   3.1557   1.8405   0.9806   0.8119   0.7673   1.0977   1.4798   1.9476   2.7449   3.1311   24.5927   0.7938   0.6945   0.7167   0.6181   0.6126   0.6255   0.6640   0.7339   1.8764   0.4913 
  DB STEP 47   LABELS   0.0000  1.0000 
 2.4758   3.5905   5.3619   3.2271   4.6448   0.8934   0.7137   0.6986   0.9634   1.0309   1.4953   1.4614   2.9819   21.4379   10.8584   0.6738   0.6045   0.5688   0.7916   0.5602   0.5844   0.6303   0.7118   0.8454   1.8435   0.4559 
  DB STEP 48   LABELS   0.5000  0.0000 
 8.4531   5.2871   2.7747   0.5782   0.5796   0.6630   0.7734   0.7219   0.8196   1.5535   1.2302   2.3733   2.8003   19.8064   11.6393   1.8514   0.4325   0.4079   0.3987   0.4032   0.4229   0.4829   0.5589   0.6522   1.7579   0.6629 
  DB STEP 49   LABELS   0.5000  0.0000 
 2.2890   0.6743   0.6709   0.6993   0.5659   0.5453   0.6543   1.0651   1.2469   0.8997   1.6194   3.7664   2.3502   6.0597   24.8058   2.2209   3.2550   1.5934   0.5383   0.5804   0.4075   0.3022   0.3298   0.4023   1.7518   0.8827 
  DB STEP 50   LABELS   0.5000  0.0000 
 0.6950   0.7107   0.5532   0.5588   0.6532   1.0862   1.0080   0.7617   0.6875   3.2939   1.7882   1.8910   28.8640   2.1325   3.9909   3.6179   0.5215   0.5129   0.5490   0.3836   0.2999   0.3305   0.4276   0.6863   1.7607   0.8119 
  DB STEP 51   LABELS   0.5000  0.0000 
 0.6750   0.6741   0.7316   1.0293   1.3376   0.7454   0.5684   1.8367   4.8275   2.8362   2.1013   1.6244   1.4514   1.7546   2.5322   3.3962   1.9438   0.6195   0.3747   0.3682   0.4548   0.4676   0.4136   0.3832   1.7333   0.9614 
  DB STEP 52   LABELS   0.5000  0.0000 
 0.7594   0.8247   1.2401   1.0787   0.5630   0.6313   1.7070   4.6902   4.2740   1.8081   1.7003   1.3749   1.3426   1.9923   2.9671   3.2713   1.9112   0.7919   0.5710   0.3493   0.3371   0.3953   0.5143   0.4850   1.7332   1.0228 
  DB STEP 53   LABELS   0.5000  0.0000 
 0.9719   0.7003   1.1294   0.7456   1.7261   2.6744   4.3940   3.2780   1.8619   1.5668   1.0458   0.9305   0.9674   1.3689   2.1385   2.9086   2.9443   1.3393   1.0697   0.8557   0.5676   0.7027   0.6980   0.4507   1.7800   1.2341 
  DB STEP 54   LABELS   0.5000  0.0000 
 1.2243   0.8918   1.4740   2.0612   2.4676   2.3574   3.8904   1.8529   1.3491   0.7174   0.6001   0.5108   0.6317   0.8971   1.4175   2.6276   2.5303   2.4328   1.1462   1.0562   1.2221   0.7201   0.8577   0.6700   1.8865   1.4110 
  DB STEP 55   LABELS   0.5000  0.0000 
 0.9312   1.1656   1.9983   2.1265   2.0849   3.1287   3.4383   1.5335   0.8575   0.6014   0.4308   0.3948   0.5213   0.7444   1.2521   2.3699   2.4165   2.6104   1.3840   0.9897   1.1161   1.0724   0.8283   0.8237   1.9579   1.4931 
  DB STEP 56   LABELS   0.5000  0.0000 
 0.9897   1.2345   0.9414   1.2959   1.8780   2.2282   1.6677   4.0970   2.6270   1.4636   0.6595   0.5215   0.4155   0.4068   0.5533   0.8124   1.2916   2.5613   2.4642   2.1676   1.2483   1.0022   1.0507   0.8998   1.9579   1.6136 
  DB STEP 57   LABELS   0.0000  -1.0000 
 0.8107   1.0362   1.9894   1.9118   2.1025   1.4887   0.9364   0.9479   0.9078   1.1380   2.0983   2.0559   2.5715   2.7493   3.0601   1.5326   1.1745   0.6041   0.5098   0.4132   0.4493   0.6408   1.0468   1.4528   1.9579   1.9544 
  DB STEP 58   LABELS   0.0000  -1.0000 
 1.2116   1.2419   1.0576   0.7203   0.9167   0.8108   0.9743   2.0021   1.9387   2.1543   1.5494   1.0098   0.9893   1.2442   1.1573   1.3784   1.7973   2.5925   1.5657   1.8827   1.1783   1.2238   0.6384   0.5703   1.9579   0.0206 
  DB STEP 59   LABELS   0.0000  -1.0000 
 1.2726   1.0348   1.2045   1.2413   1.0566   0.7286   0.8969   0.8041   0.9601   1.8580   1.9002   2.0689   1.5545   1.0321   1.4268   1.0292   1.3580   1.3630   2.1792   2.0423   1.0633   0.7558   1.1895   1.2086   1.9579   0.1024 
  DB STEP 60   LABELS   0.0000  -1.0000 
 2.8838   3.2770   2.6558   1.1318   1.0563   1.2380   1.2109   0.9694   0.7060   0.9415   0.7763   0.9962   2.0519   1.8030   1.9704   1.5132   1.4978   1.0524   1.1859   1.3227   1.3795   1.2573   0.7388   0.6874   1.9579   0.2057 
  DB STEP 61   LABELS   0.0000  -1.0000 
 3.0813   1.8006   1.0573   1.1017   1.2653   1.1873   0.8467   0.7595   0.9105   0.7894   1.1509   2.0431   2.0164   1.8129   1.3430   1.2024   1.1774   1.3695   1.2691   1.7353   1.5926   0.7450   0.7026   0.8440   1.9579   0.1736 
  DB STEP 62   LABELS   0.0000  1.0000 
 3.0836   1.8123   1.0625   1.0974   1.2655   1.1858   0.8567   0.7583   0.9096   0.7897   1.1417   2.0203   2.2248   1.8266   1.3547   1.2163   1.1504   1.3976   1.2738   1.7360   1.1810   0.7368   0.6994   0.8342   1.9579   0.1730 
  DB STEP 63   LABELS   0.0000  1.0000 
 3.0834   1.8128   1.0636   1.0993   1.2658   1.1898   0.8536   0.7574   0.9132   0.7886   1.1386   2.0693   2.2266   1.8258   1.3535   1.2177   1.1507   1.3962   1.2743   1.7353   1.1769   0.7351   0.6983   0.8327   1.9579   0.1730 
  DB STEP 64   LABELS   0.0000  1.0000 
 3.0171   1.5131   1.0474   1.1693   1.2563   1.0435   0.6811   0.8215   0.7851   0.7574   1.2760   2.0111   2.0822   1.7330   1.2719   1.0384   1.2472   1.3844   1.2810   1.5194   1.5001   0.7531   0.6990   0.7637   1.9275   0.1485 
  DB STEP 65   LABELS   0.5000  0.0000 
 2.1757   1.1098   1.1883   1.2644   0.8575   0.6241   0.8350   0.6603   0.6243   0.9376   1.7714   1.7804   1.8806   1.5423   1.2263   1.2101   1.4148   1.4607   1.2675   1.1968   1.7458   1.0594   0.7585   0.7174   1.8518   0.0713 
  DB STEP 66   LABELS   0.5000  0.0000 
 2.2181   1.1107   1.1895   1.2649   0.8606   0.6261   0.8348   0.6569   0.6240   0.9386   1.7932   1.7838   1.9013   1.5420   1.2275   1.2097   1.2807   1.3388   1.2263   1.1952   1.8083   1.0761   0.7612   0.7215   1.8518   0.0730 
  DB STEP 67   LABELS   0.5000  0.0000 
 2.2163   1.1072   1.1888   1.2665   0.8628   0.6224   0.8332   0.6592   0.6203   0.9353   1.8020   1.7821   1.9213   1.5406   1.2264   1.2108   1.2732   1.3381   1.1076   1.1947   1.8119   1.0763   0.7614   0.7208   1.8518   0.0730 
  DB STEP 68   LABELS   0.5000  0.0000 
 2.2186   1.1112   1.1899   1.2638   0.8562   0.6224   0.8359   0.6625   0.6224   0.9371   2.0505   1.7302   1.9282   1.5432   1.2274   1.2121   1.2654   1.3479   1.1087   1.1961   1.8207   1.0779   0.7648   0.7227   3.5874   0.2293 
  DB STEP 69   LABELS   0.5000  0.0000 
 2.2203   1.1100   1.1899   1.2690   0.8645   0.6246   0.8338   0.6578   0.6224   0.9387   2.0489   1.7823   1.6843   1.5440   1.2254   1.1723   1.4036   1.3117   1.1481   1.1922   1.8263   1.0768   0.7637   0.7220   3.5874   0.2293 
  DB STEP 70   LABELS   0.5000  0.0000 
 2.2203   1.1125   1.1898   1.2671   0.8638   0.6258   0.8344   0.6633   0.6212   0.9387   2.0494   1.7827   1.9219   1.5423   1.2285   0.9323   1.6735   1.3812   1.0011   1.1799   1.8120   1.0796   0.7644   0.7235   3.5874   0.2293 
  DB STEP 71   LABELS   0.5000  0.0000 
 2.2184   1.1109   1.1901   1.2663   0.8589   0.6240   0.8326   0.6617   0.6242   0.9364   2.0051   1.7831   1.8470   1.5439   0.9705   1.4286   1.6889   1.4052   1.4737   1.1982   1.8234   1.0787   0.7643   0.7215   3.5874   0.2293 
  DB STEP 72   LABELS   0.5000  0.0000 
 1.9099   3.4792   3.4223   1.8986   1.1021   1.2168   1.2320   0.7321   0.6545   0.8767   0.6059   0.6048   0.9375   2.1325   1.8732   1.9499   1.4959   0.9032   1.5187   1.2450   0.9076   0.9965   1.2291   1.6320   3.5874   0.1044 
  DB STEP 73   LABELS   0.0000  -1.0000 
 1.0396   0.8135   0.6965   0.7418   1.1367   3.1195   3.1231   3.1436   2.2710   1.0880   1.1621   1.2452   0.8809   0.5890   0.8317   0.6888   0.5850   0.7920   1.5712   1.6981   1.4605   1.6149   0.9858   0.8823   3.5874   0.3793 
  DB STEP 74   LABELS   0.0000  -1.0000 
 3.6718   2.8565   1.7166   1.5565   0.8744   0.7743   0.6598   0.8148   1.7983   3.4422   3.4044   3.3858   1.6019   1.0717   1.1849   3.8242   0.7788   0.6115   0.8715   0.6382   0.5956   1.1088   1.5140   1.3949   3.5874   0.7517 
  DB STEP 75   LABELS   0.0000  -1.0000 
 2.1910   3.0147   3.1573   2.1583   1.7554   1.1446   0.8104   0.6930   0.7032   1.0324   5.0848   3.5653   3.3224   2.5281   1.1153   1.1136   0.9998   0.8954   0.5982   0.7529   0.8728   0.5982   0.7887   1.3915   3.5874   0.8948 
  DB STEP 76   LABELS   0.5000  0.0000 
 2.7891   2.7351   3.1546   1.6041   0.7623   0.5513   0.5097   0.6287   0.8283   1.5763   2.5297   3.2781   3.0150   2.3860   1.0699   0.8104   0.9171   1.0571   0.6391   0.9413   0.5432   0.7997   1.0571   0.6885   3.5130   0.9404 
  DB STEP 77   LABELS   0.5000  0.0000 
 3.4964   1.5607   0.4994   0.5616   0.5156   0.5447   0.6831   0.7485   1.1324   1.2801   2.5997   2.7414   2.5534   2.1805   1.1539   0.6607   0.5159   0.5176   0.6943   1.6876   1.2062   0.8113   0.5742   0.6320   3.3830   1.0508 
  DB STEP 78   LABELS   0.5000  0.0000 
 0.6353   0.5843   0.5850   0.5667   0.5482   0.6596   0.7720   0.8590   0.7260   2.0007   2.3945   1.9333   2.0465   1.9993   1.1602   0.8345   0.5162   0.4310   0.3855   0.3641   0.3531   0.8538   1.0637   1.1232   3.3098   1.1423 
  DB STEP 79   LABELS   0.5000  0.0000 
 0.7074   0.6797   0.7273   0.6323   0.6185   0.4970   0.7367   1.1287   2.0987   2.0842   1.3787   1.5859   1.4545   1.5756   1.4480   0.7005   0.6217   0.5552   0.8061   0.4877   0.4198   0.3562   0.3719   0.4026   3.2580   1.2798 
  DB STEP 80   LABELS   0.5000  0.0000 
 0.7860   0.5605   0.6249   0.7607   0.6366   2.0559   2.9066   1.9623   1.8063   1.0877   1.0782   1.1441   1.0199   1.2700   1.1111   1.2132   1.1220   0.4577   0.4691   0.4628   0.4334   0.4718   0.7172   0.4923   3.2563   1.3759 
  DB STEP 81   LABELS   0.5000  0.0000 
 1.3061   1.0873   0.9539   0.6499   0.6040   0.8332   0.6383   1.8462   3.2298   2.4743   1.4758   1.1976   0.9803   1.0463   0.8253   0.7732   1.1235   1.0678   1.1313   1.6767   0.8216   0.4237   0.4491   0.4517   3.2609   1.5959 
  DB STEP 82   LABELS   0.5000  0.0000 
 2.8303   1.3231   1.0712   0.8041   0.5361   0.7960   0.5857   0.5485   3.8544   3.2378   2.5256   1.2406   1.0409   0.9043   0.8197   0.6049   0.5273   0.6087   1.0860   1.0484   1.1901   1.6750   1.2063   0.5544   3.3436   1.7762 
  DB STEP 83   LABELS   0.0000  -1.0000 
 0.7856   1.6875   3.2059   3.2097   2.4447   1.3307   1.1249   0.7708   0.5266   0.7887   0.5312   0.5012   3.6002   2.2949   1.8785   1.3920   1.0565   0.9251   0.8340   0.5470   0.5365   0.5733   1.2412   1.0555   3.3436   2.0178 
  DB STEP 84   LABELS   0.0000  -1.0000 
 0.5027   0.5269   0.6470   0.7473   0.6687   0.7562   1.4493   3.1617   3.2785   2.7683   4.1257   1.0394   0.8235   0.5006   0.6803   0.6461   0.4925   1.3477   2.4996   1.7168   1.4061   1.0790   1.0035   0.8685   3.3436   2.2037 
  DB STEP 85   LABELS   0.0000  -1.0000 
 1.4176   2.1281   0.7298   0.4815   0.4932   0.5189   0.6770   0.7177   0.6560   0.7401   1.3291   3.1385   3.2886   2.8181   1.5354   1.0030   0.7846   0.5063   0.6278   0.7071   0.4948   0.7426   1.8112   1.7188   3.3436   0.2664 
  DB STEP 86   LABELS   0.0000  1.0000 
 1.4040   0.4927   0.4890   0.5213   0.5590   0.7838   0.6558   0.6966   0.9625   3.0550   3.0002   2.6635   2.1823   1.0991   0.8828   0.5756   0.5232   0.8103   0.4917   0.4919   1.8175   1.8060   1.5214   1.1645   3.3436   0.2305 
  DB STEP 87   LABELS   0.0000  1.0000 
 1.4040   0.4927   0.4890   0.5213   0.5590   0.7838   0.6558   0.6966   0.9625   3.0550   3.0002   2.6635   2.1823   1.0991   0.8828   0.5756   0.5232   0.8103   0.4917   0.4919   1.8175   1.8060   1.5214   1.1645   3.3436   0.2305 
  DB STEP 88   LABELS   0.0000  1.0000 
 1.4083   0.4983   0.4885   0.5190   0.5561   0.7835   0.6554   0.6948   0.9395   3.0361   3.0185   2.6640   2.1814   1.1044   0.8865   0.5810   0.5178   0.8169   0.4944   0.4938   1.8065   1.8167   1.5245   1.1709   3.3436   0.2298 
  DB STEP 89   LABELS   0.0000  1.0000 
 1.4228   0.4977   0.4903   0.5184   0.5568   0.7713   0.6547   0.6963   0.9476   3.0390   2.9921   2.6639   2.1833   1.1047   0.8858   0.5806   0.5175   0.8148   0.4942   0.4942   1.8067   1.8175   1.5257   1.1742   3.3436   0.2298 
  DB STEP 90   LABELS   0.0000  1.0000 
 1.4247   0.4989   0.4895   0.5217   0.5593   0.7840   0.6579   0.6974   0.9412   3.0441   2.9951   2.6667   2.1818   1.1060   0.8869   0.5825   0.5187   0.8157   0.4955   0.4951   1.8086   1.8172   1.5258   1.1738   3.3436   0.2298 
  DB STEP 91   LABELS   0.0000  1.0000 
 1.4335   0.5000   0.4910   0.5202   0.5593   0.7737   0.6572   0.6958   0.9457   3.0513   3.0108   2.6666   2.1816   1.1074   0.8873   0.5793   0.5181   0.8149   0.4951   0.4932   1.8095   1.8179   1.5242   1.1733   3.3436   0.2298 
  DB STEP 92   LABELS   0.0000  1.0000 
 1.4188   0.4954   0.4898   0.5187   0.5568   0.7835   0.6571   0.6967   0.9391   3.0532   3.0148   2.6663   2.1865   1.1039   0.8859   0.5802   0.5168   0.8146   0.4954   0.4939   1.8080   1.8173   1.5260   1.1739   6.8075   1.0158 
  DB STEP 93   LABELS   0.0000  1.0000 
 1.4366   0.4963   0.4884   0.5170   0.5566   0.7815   0.6565   0.6957   0.9375   3.0506   3.0182   2.6668   2.1825   1.1049   0.8850   0.5814   0.5171   0.8143   0.4937   0.4934   1.8060   1.8158   1.5233   1.1730   6.8075   1.0158 
  DB STEP 94   LABELS   0.0000  1.0000 
 1.4323   0.4955   0.4878   0.5183   0.5586   0.7887   0.6562   0.6957   0.9449   2.9907   3.0380   2.6646   2.1823   1.1049   0.8864   0.5804   0.5174   0.8148   0.4929   0.4935   1.8082   1.8163   1.5256   1.1723   6.8075   1.0158 
  DB STEP 95   LABELS   0.0000  0.0000 
 1.4067   0.4984   0.4910   0.5206   0.5566   0.7840   0.6573   0.6936   0.9463   3.0533   3.0339   2.6681   2.1852   1.1054   0.8868   0.5813   0.5171   0.8140   0.4946   0.4941   1.8053   1.8179   1.5251   1.1727   6.8075   1.0158 
  DB STEP 96   LABELS   0.0000  0.0000 
 1.4521   0.4983   0.4900   0.5218   0.5612   0.7883   0.6559   0.6957   0.9396   3.0572   3.0037   2.6669   2.1831   1.1065   0.8854   0.5801   0.5181   0.8146   0.4931   0.4941   1.8073   1.8157   1.5249   1.1728   6.8075   1.0158 
  DB STEP 97   LABELS   0.5000  0.0000 
 1.4221   0.4984   0.4892   0.5198   0.5622   0.7715   0.6577   0.6970   0.9465   3.0578   2.9982   2.6678   2.1841   1.1065   0.8865   0.5812   0.5188   0.8151   0.4949   0.4946   1.8090   1.8177   1.5254   1.1733   6.8075   1.0158 
  DB STEP 98   LABELS   0.0000  -1.0000 
 1.2668   0.4987   0.5019   0.5188   0.6033   0.8228   0.6409   0.6887   0.9340   2.7737   3.0894   2.9182   2.3253   1.1231   0.8935   0.6346   0.4708   0.7187   0.6000   0.4800   0.9962   1.7923   1.5703   1.2908   6.8075   1.0152 
  DB STEP 99   LABELS   0.5000  0.0000 
 1.2668   0.4987   0.5019   0.5188   0.6033   0.8228   0.6409   0.6887   0.9340   2.7737   3.0894   2.9182   2.3253   1.1231   0.8935   0.6346   0.4708   0.7187   0.6000   0.4800   0.9962   1.7923   1.5703   1.2908   6.8075   1.0152 
  DB STEP 100   LABELS   0.0000  0.0000 
 1.2668   0.4987   0.5019   0.5188   0.6033   0.8228   0.6409   0.6887   0.9340   2.7737   3.0894   2.9182   2.3253   1.1231   0.8935   0.6346   0.4708   0.7187   0.6000   0.4800   0.9962   1.7923   1.5703   1.2908   6.8075   1.0152 
  DB STEP 101   LABELS   0.0000  0.0000 
 1.2668   0.4987   0.5019   0.5188   0.6033   0.8228   0.6409   0.6887   0.9340   2.7737   3.0894   2.9182   2.3253   1.1231   0.8935   0.6346   0.4708   0.7187   0.6000   0.4800   0.9962   1.7923   1.5703   1.2908   6.8075   1.0152 
  DB STEP 102   LABELS   0.0000  0.0000 
 1.2668   0.4987   0.5019   0.5188   0.6033   0.8228   0.6409   0.6887   0.9340   2.7737   3.0894   2.9182   2.3253   1.1231   0.8935   0.6346   0.4708   0.7187   0.6000   0.4800   0.9962   1.7923   1.5703   1.2908   6.8075   1.0152 
  DB STEP 103   LABELS   0.0000  0.0000 
 1.2668   0.4987   0.5019   0.5188   0.6033   0.8228   0.6409   0.6887   0.9340   2.7737   3.0894   2.9182   2.3253   1.1231   0.8935   0.6346   0.4708   0.7187   0.6000   0.4800   0.9962   1.7923   1.5703   1.2908   6.8075   1.0152 
  DB STEP 104   LABELS   0.0000  0.0000 
 1.2668   0.4987   0.5019   0.5188   0.6033   0.8228   0.6409   0.6887   0.9340   2.7737   3.0894   2.9182   2.3253   1.1231   0.8935   0.6346   0.4708   0.7187   0.6000   0.4800   0.9962   1.7923   1.5703   1.2908   6.8075   1.0152 
  DB STEP 105   LABELS   0.0000  0.0000 
 1.2668   0.4987   0.5019   0.5188   0.6033   0.8228   0.6409   0.6887   0.9340   2.7737   3.0894   2.9182   2.3253   1.1231   0.8935   0.6346   0.4708   0.7187   0.6000   0.4800   0.9962   1.7923   1.5703   1.2908   6.8075   1.0152 
  DB STEP 106   LABELS   0.0000  0.0000 
 1.2668   0.4987   0.5019   0.5188   0.6033   0.8228   0.6409   0.6887   0.9340   2.7737   3.0894   2.9182   2.3253   1.1231   0.8935   0.6346   0.4708   0.7187   0.6000   0.4800   0.9962   1.7923   1.5703   1.2908   6.8075   1.0152 
  DB STEP 107   LABELS   0.0000  0.0000 
 1.2668   0.4987   0.5019   0.5188   0.6033   0.8228   0.6409   0.6887   0.9340   2.7737   3.0894   2.9182   2.3253   1.1231   0.8935   0.6346   0.4708   0.7187   0.6000   0.4800   0.9962   1.7923   1.5703   1.2908   6.8075   1.0152 
  DB STEP 108   LABELS   0.0000  0.0000 
 1.2668   0.4987   0.5019   0.5188   0.6033   0.8228   0.6409   0.6887   0.9340   2.7737   3.0894   2.9182   2.3253   1.1231   0.8935   0.6346   0.4708   0.7187   0.6000   0.4800   0.9962   1.7923   1.5703   1.2908   6.8075   1.0152 
  DB STEP 109   LABELS   0.0000  0.0000 
 1.2668   0.4987   0.5019   0.5188   0.6033   0.8228   0.6409   0.6887   0.9340   2.7737   3.0894   2.9182   2.3253   1.1231   0.8935   0.6346   0.4708   0.7187   0.6000   0.4800   0.9962   1.7923   1.5703   1.2908   6.8075   1.0152 
  DB STEP 110   LABELS   0.0000  0.0000 
 1.2668   0.4987   0.5019   0.5188   0.6033   0.8228   0.6409   0.6887   0.9340   2.7737   3.0894   2.9182   2.3253   1.1231   0.8935   0.6346   0.4708   0.7187   0.6000   0.4800   0.9962   1.7923   1.5703   1.2908   6.8075   1.0152 
  DB STEP 111   LABELS   0.0000  0.0000 
 1.2668   0.4987   0.5019   0.5188   0.6033   0.8228   0.6409   0.6887   0.9340   2.7737   3.0894   2.9182   2.3253   1.1231   0.8935   0.6346   0.4708   0.7187   0.6000   0.4800   0.9962   1.7923   1.5703   1.2908   6.8075   1.0152 
  DB STEP 112   LABELS   0.0000  0.0000 
 1.2668   0.4987   0.5019   0.5188   0.6033   0.8228   0.6409   0.6887   0.9340   2.7737   3.0894   2.9182   2.3253   1.1231   0.8935   0.6346   0.4708   0.7187   0.6000   0.4800   0.9962   1.7923   1.5703   1.2908   6.8075   1.0152 
  DB STEP 113   LABELS   0.0000  0.0000 
 1.2668   0.4987   0.5019   0.5188   0.6033   0.8228   0.6409   0.6887   0.9340   2.7737   3.0894   2.9182   2.3253   1.1231   0.8935   0.6346   0.4708   0.7187   0.6000   0.4800   0.9962   1.7923   1.5703   1.2908   6.8075   1.0152 
  DB STEP 114   LABELS   0.0000  0.0000 
 1.2668   0.4987   0.5019   0.5188   0.6033   0.8228   0.6409   0.6887   0.9340   2.7737   3.0894   2.9182   2.3253   1.1231   0.8935   0.6346   0.4708   0.7187   0.6000   0.4800   0.9962   1.7923   1.5703   1.2908   6.8075   1.0152 
  DB STEP 115   LABELS   0.0000  0.0000 
 1.2668   0.4987   0.5019   0.5188   0.6033   0.8228   0.6409   0.6887   0.9340   2.7737   3.0894   2.9182   2.3253   1.1231   0.8935   0.6346   0.4708   0.7187   0.6000   0.4800   0.9962   1.7923   1.5703   1.2908   6.8075   1.0152 
  DB STEP 116   LABELS   0.0000  0.0000 
 1.2668   0.4987   0.5019   0.5188   0.6033   0.8228   0.6409   0.6887   0.9340   2.7737   3.0894   2.9182   2.3253   1.1231   0.8935   0.6346   0.4708   0.7187   0.6000   0.4800   0.9962   1.7923   1.5703   1.2908   6.8075   1.0152 
  DB STEP 117   LABELS   0.0000  0.0000 
 1.2668   0.4987   0.5019   0.5188   0.6033   0.8228   0.6409   0.6887   0.9340   2.7737   3.0894   2.9182   2.3253   1.1231   0.8935   0.6346   0.4708   0.7187   0.6000   0.4800   0.9962   1.7923   1.5703   1.2908   6.8075   1.0152 
  DB STEP 118   LABELS   0.0000  0.0000 
 1.2668   0.4987   0.5019   0.5188   0.6033   0.8228   0.6409   0.6887   0.9340   2.7737   3.0894   2.9182   2.3253   1.1231   0.8935   0.6346   0.4708   0.7187   0.6000   0.4800   0.9962   1.7923   1.5703   1.2908   6.8075   1.0152 
  DB STEP 119   LABELS   0.0000  0.0000 
 1.2668   0.4987   0.5019   0.5188   0.6033   0.8228   0.6409   0.6887   0.9340   2.7737   3.0894   2.9182   2.3253   1.1231   0.8935   0.6346   0.4708   0.7187   0.6000   0.4800   0.9962   1.7923   1.5703   1.2908   6.8075   1.0152 
  DB STEP 120   LABELS   0.0000  0.0000 
 