3.2047   3.3277   5.0200   10.1739   5.8471   7.8463   5.1596   3.4803   2.4989   2.4394   2.8007   3.4777   4.9264   8.0720   5.6437   5.4565   5.6919   6.1781   7.5435   8.2549   15.6402   9.2702   7.6127   6.4667   9.3004   0.1099 
  DB STEP 0   LABELS   0.5000  0.0000 
 3.2463   3.3999   3.5843   11.2952   6.3076   7.0200   5.9551   3.9944   2.4326   2.2785   2.5153   3.0288   3.9858   6.2985   7.4706   5.3037   5.4476   5.8117   6.4594   8.3594   10.0570   9.7017   5.4287   3.8246   9.3104   0.1652 
  DB STEP 1   LABELS   0.0000  -1.0000 
 5.1664   4.1590   3.5851   3.2631   3.0888   3.0381   3.0980   3.2722   3.2527   6.5237   10.1227   5.6661   7.6447   5.0138   3.4002   2.2478   2.1260   2.3671   2.8953   3.9116   6.5486   7.4215   5.3210   5.5140   9.1579   0.7994 
  DB STEP 2   LABELS   0.5000  0.0000 
 6.2295   4.6558   3.8335   3.3614   3.0926   2.9602   2.9432   3.0329   3.1152   2.9924   9.2769   7.9376   5.2311   7.4542   4.5679   3.0385   2.0983   1.9861   2.1812   2.7270   3.8306   7.0707   7.3928   5.4541   8.9476   0.8699 
  DB STEP 3   LABELS   0.5000  0.0000 
 6.0061   4.4869   3.6874   3.2360   2.9714   2.8460   2.8277   2.9108   2.8810   2.7624   6.4923   6.3226   4.7825   6.6368   4.3452   3.4428   2.0305   1.9015   1.9083   2.3320   3.2769   5.9767   8.5498   5.5686   8.6767   0.8760 
  DB STEP 4   LABELS   0.5000  0.0000 
 5.7653   4.3056   3.5412   3.1037   2.8543   2.7341   2.7190   2.7717   2.6347   2.7928   6.6795   6.1379   4.5457   6.6484   4.4022   3.6980   2.1181   1.8139   1.7804   1.9534   2.7289   4.9905   9.6848   5.7626   8.4798   0.8800 
  DB STEP 5   LABELS   0.5000  0.0000 
 5.7087   4.2284   3.4617   3.0225   2.7733   2.6495   2.6238   2.6348   2.4479   2.8015   6.7331   6.0595   4.4250   6.3154   4.6566   3.8331   2.3961   1.7626   1.7141   1.7451   2.2429   4.0185   10.1546   5.9863   8.2830   0.8903 
  DB STEP 6   LABELS   0.0000  -1.0000 
 2.1352   3.0402   4.6922   4.0313   3.3439   2.9489   2.7252   2.6232   2.6179   2.5909   2.3953   4.2056   10.5768   6.5233   4.2574   7.2151   4.2470   3.6905   2.2625   1.7364   1.7089   1.7560   2.2743   2.1217   8.1803   1.0561 
  DB STEP 7   LABELS   0.5000  0.0000 
 4.0147   5.7005   7.8581   6.0996   4.2630   3.3794   2.8853   2.5965   2.4469   2.3883   2.3891   2.2099   2.0699   7.0222   9.7154   5.0189   4.5699   6.8727   3.7978   3.5555   2.3573   1.8063   1.7664   1.8328   7.9903   1.1771 
  DB STEP 8   LABELS   0.5000  0.0000 
 3.9571   5.6237   7.7600   5.5386   3.9290   3.1392   2.6940   2.4361   2.3011   2.2535   2.2263   2.0418   1.9183   7.0855   9.4507   4.9333   4.2743   6.9042   3.9513   3.6643   2.5692   1.9373   1.8138   1.8907   7.8381   1.1592 
  DB STEP 9   LABELS   0.0000  1.0000 
 3.8726   3.0376   2.5733   2.3082   2.1585   2.1009   1.9908   1.7826   1.6701   6.0932   9.9149   5.0141   3.7252   6.0620   5.0916   3.6283   3.0984   2.2690   1.8513   1.8151   1.9492   3.5743   6.9862   5.0068   7.5952   0.8258 
  DB STEP 10   LABELS   0.5000  0.0000 
 3.4611   2.9374   2.4926   2.2322   2.0976   2.0253   1.7982   1.6094   1.7365   7.0209   9.7678   4.7969   3.5491   5.8002   5.1563   3.4706   3.1721   2.3472   1.9146   1.7487   1.8703   2.6760   5.1884   3.6829   7.4284   0.8299 
  DB STEP 11   LABELS   0.0000  -1.0000 
 4.7994   3.4035   2.7144   2.3297   2.1054   1.9842   1.7982   1.5405   1.3876   2.3694   8.3690   8.2491   4.4122   3.3008   5.8180   5.1004   3.3294   3.1668   2.4081   1.9846   1.7588   1.8392   2.4029   11.0451   7.2088   0.9111 
  DB STEP 12   LABELS   0.5000  0.0000 
 4.4771   3.1785   2.5381   2.1810   1.9738   1.8007   1.4700   1.2563   1.2420   3.1010   8.6390   8.4880   4.1994   3.1018   5.0816   5.6429   3.1086   3.2218   2.5934   2.1406   1.8791   1.7907   2.0105   10.0141   6.9653   0.9140 
  DB STEP 13   LABELS   0.5000  0.0000 
 4.1669   2.9591   2.3588   2.0252   1.8155   1.4202   1.1314   1.0069   2.0647   3.6935   7.4627   6.4819   3.9978   2.9101   4.2265   5.9605   3.3181   3.1220   2.7945   2.3064   2.0243   1.8665   1.9247   5.2105   6.7690   0.9175 
  DB STEP 14   LABELS   0.5000  0.0000 
 3.8501   2.7323   2.1847   1.8745   1.4074   0.9916   0.8555   1.0641   3.6634   3.6854   6.7284   5.8939   3.7957   2.7333   3.2720   5.7454   4.1923   2.8833   2.9573   2.4753   2.1731   2.0013   1.9316   2.2200   6.4721   0.9228 
  DB STEP 15   LABELS   0.5000  0.0000 
 3.5549   2.5222   2.0179   1.4875   0.8409   0.7928   0.9281   2.6082   3.5582   4.3165   6.7355   5.7534   3.5957   2.5745   2.3266   5.4317   5.0873   2.6541   2.9434   2.6274   2.3086   2.1301   2.0403   2.1422   6.2487   0.9269 
  DB STEP 16   LABELS   0.0000  0.0000 
 3.1385   2.2549   1.2822   0.7505   0.7943   0.8885   2.9762   4.3725   2.1397   5.4110   7.7351   7.5070   3.3564   2.4034   2.0670   3.9025   5.4994   3.3152   2.6813   2.8216   2.4899   2.2907   2.2006   2.1913   5.9220   0.9347 
  DB STEP 17   LABELS   0.5000  0.0000 
 3.2443   1.7703   0.7778   0.7923   0.8374   1.8053   4.2178   3.9088   1.8841   4.7934   7.7560   8.0368   3.3306   2.4635   1.9405   2.1312   5.2839   4.7438   2.4139   2.8109   2.6421   2.4132   2.2960   2.2687   5.7710   0.9573 
  DB STEP 18   LABELS   0.0000  -1.0000 
 2.8910   4.1049   5.3084   0.7790   0.7245   0.7075   0.7109   2.2953   4.1338   3.9754   3.5323   1.4992   3.0093   7.2687   7.7790   5.2431   2.8693   2.1456   1.7793   1.7872   4.8900   4.4957   2.4632   2.7746   5.4746   1.2201 
  DB STEP 19   LABELS   0.5000  0.0000 
 10.1144   6.2587   0.7624   0.6853   0.6388   0.6228   4.0412   4.2257   3.9069   3.7592   2.7988   1.3169   2.6624   7.0498   7.3047   6.2111   2.8880   2.2714   1.8378   1.7170   2.8898   4.9082   2.9759   2.9600   5.3080   1.1979 
  DB STEP 20   LABELS   0.0000  1.0000 
 0.6905   4.6024   4.7439   4.1655   3.8387   3.6773   1.2477   1.3612   2.9886   6.1669   5.8984   4.8704   2.7759   2.2509   1.8053   1.5802   1.6523   4.2491   3.7513   2.6655   3.0977   2.9082   2.8340   2.8623   5.1457   0.8603 
  DB STEP 21   LABELS   0.5000  0.0000 
 5.7355   4.9923   4.2752   3.8642   1.9795   1.0802   1.3652   2.5901   6.2182   6.6354   7.8864   2.9527   2.3285   1.8199   1.5243   1.3871   1.4906   3.8109   3.4113   2.7237   3.0686   2.9409   2.9248   3.0149   4.9115   0.8206 
  DB STEP 22   LABELS   0.0000  -1.0000 
 1.0352   1.7118   6.1417   5.2159   4.3633   3.2105   0.9139   1.0462   1.2796   1.8309   5.4704   6.8295   7.3225   4.7618   2.3437   1.9486   1.5813   1.3762   1.2777   1.3926   3.2631   3.1316   2.9221   2.8706   4.6921   1.0395 
  DB STEP 23   LABELS   0.5000  0.0000 
 1.5674   3.2777   5.8181   4.9506   2.4407   0.8336   0.9106   1.0405   1.2739   2.6292   5.2725   6.6403   6.9499   5.5365   2.1680   1.9411   1.5849   1.3775   1.2563   1.2166   1.3972   3.4513   2.7504   2.7124   4.4244   1.0294 
  DB STEP 24   LABELS   0.5000  0.0000 
 2.4548   6.2170   5.5116   0.7875   0.7951   0.8316   0.9075   1.0378   1.2693   3.6482   5.0558   6.4066   6.5412   6.3780   1.9831   1.8686   1.5921   1.3822   1.2584   1.1998   1.1913   1.6032   3.2583   3.3044   4.1817   1.0196 
  DB STEP 25   LABELS   0.5000  0.0000 
 4.9202   3.2087   0.8082   0.7844   0.7923   0.8291   0.9041   1.0334   1.6582   4.4854   4.8526   6.1797   6.0060   6.9916   2.5759   1.7191   1.5902   1.3808   1.2607   1.2008   1.1839   1.2204   2.2744   3.1797   3.9382   1.0081 
  DB STEP 26   LABELS   0.5000  0.0000 
 1.9883   0.8591   0.8042   0.7793   0.7873   0.8218   0.8982   1.0334   3.4448   4.2910   4.7682   5.8949   5.6154   6.7560   4.4864   1.5389   1.5127   1.3857   1.2654   1.2025   1.1898   1.2198   1.3150   2.8044   3.6948   0.9950 
  DB STEP 27   LABELS   0.5000  0.0000 
 0.9533   0.8554   0.8008   0.7755   0.7832   0.8217   0.8946   1.9017   3.9538   4.0997   4.6225   5.6131   5.2245   6.6381   7.5884   1.3599   1.3459   1.3605   1.2707   1.2083   1.1926   1.2209   1.2979   1.6929   3.4521   0.9799 
  DB STEP 28   LABELS   0.5000  0.0000 
 0.9549   0.8519   0.8024   0.7759   0.7839   0.8180   1.0837   3.0845   3.7695   3.9134   4.5387   5.3251   4.5517   5.8707   7.1155   4.3009   1.1755   1.2061   1.2538   1.2148   1.1950   1.2269   1.3006   1.4476   3.2576   0.9660 
  DB STEP 29   LABELS   0.5000  0.0000 
 0.9477   0.8500   0.7936   0.7725   0.7915   1.0292   1.8035   3.5846   3.5835   3.7224   4.4467   5.0479   4.2438   5.7727   6.9178   8.1977   3.1559   1.0307   1.0983   1.1958   1.1987   1.2278   1.3050   1.4519   2.9913   0.9441 
  DB STEP 30   LABELS   0.5000  0.0000 
 0.9461   0.8452   0.7888   0.8454   1.0378   1.4139   2.8145   3.4034   3.4023   3.5341   4.4173   4.7640   3.9150   5.6116   6.6288   8.1951   7.0553   1.8973   0.9075   1.0140   1.1649   1.2283   1.3079   1.4481   2.7746   0.9229 
  DB STEP 31   LABELS   0.5000  0.0000 
 0.9436   0.8686   0.9367   1.0740   1.3187   1.9250   3.3379   3.2219   3.2188   3.3399   4.3182   4.4800   3.6770   5.3612   6.2376   8.1885   7.6322   4.1610   1.8267   0.7975   0.9433   1.1713   1.3100   1.4536   2.4881   0.8891 
  DB STEP 32   LABELS   0.5000  0.0000 
 0.9895   1.0433   1.1358   1.3022   1.6039   2.9171   3.1481   3.0362   3.0395   3.1527   4.2797   4.1994   3.4423   5.1740   5.7119   8.1912   8.3432   4.5904   2.7734   1.9555   0.9135   0.8840   1.2336   1.4581   2.2990   0.8619 
  DB STEP 33   LABELS   0.5000  0.0000 
 1.1663   1.2270   1.3360   1.5367   2.3976   3.1949   2.9596   2.8553   2.8567   2.9621   4.2266   3.9156   3.2168   5.0549   5.1339   8.1453   9.0290   4.9403   3.2259   2.2761   1.8114   1.3766   0.8639   1.3802   2.0193   0.8116 
  DB STEP 34   LABELS   0.5000  0.0000 
 1.2634   1.3383   1.4820   1.7301   3.3075   3.0142   2.8253   2.7519   2.7753   2.9199   4.5428   3.5518   2.9860   5.1605   5.7253   8.1849   8.2871   4.6119   3.1085   2.2765   1.8522   1.6101   0.9979   1.3536   1.8955   0.7605 
  DB STEP 35   LABELS   0.0000  1.0000 
 3.4816   3.1976   2.8824   2.7123   2.6513   2.6880   3.9035   3.9028   3.0200   3.2985   4.7943   5.7955   17.7380   9.7599   4.4639   3.2049   2.3819   1.9519   1.7081   1.5703   1.4976   1.1469   2.0972   4.4960   1.5849   0.4951 
  DB STEP 36   LABELS   0.5000  0.0000 
 3.6857   3.1471   2.8368   2.6703   2.6069   2.6518   4.7694   3.4022   2.6363   4.0321   4.1833   5.5194   7.0680   7.0448   4.5512   3.3066   2.4547   2.0117   1.7584   1.6137   1.5404   1.5309   1.1082   3.3871   1.3678   0.5334 
  DB STEP 37   LABELS   0.5000  0.0000 
 3.6445   3.1095   2.7980   2.6345   2.5722   3.3403   4.5860   3.0061   2.3363   4.7205   3.7324   5.3176   6.5319   6.6427   4.6220   3.3840   2.5103   2.0563   1.8001   1.6527   1.5769   1.5639   1.5446   1.3322   1.1526   0.5854 
  DB STEP 38   LABELS   0.0000  -1.0000 
 2.4112   4.3259   3.7593   3.1129   2.7411   2.5338   2.4306   3.2464   4.7879   2.9252   2.1524   3.0583   4.7914   3.5794   10.3950   16.3124   7.0114   3.9380   3.1217   2.4597   2.0943   1.8815   1.7657   1.7236   0.8544   0.8206 
  DB STEP 39   LABELS   0.5000  0.0000 
 1.9959   2.8344   3.3573   2.8633   2.5761   2.4229   2.3737   4.7794   3.6911   2.4160   1.8553   4.8321   3.4637   4.5709   17.8034   10.8005   5.2225   3.7542   2.8806   2.3542   2.0569   1.8869   1.7996   1.7748   0.7218   0.7579 
  DB STEP 40   LABELS   0.5000  0.0000 
 4.4125   3.8301   3.0733   2.6463   2.3999   2.2673   3.6387   4.7420   2.6730   1.8462   1.6770   5.7953   2.7375   4.6118   17.5481   10.2848   5.4392   3.7069   2.9677   2.4612   2.1673   2.0002   1.9192   1.9135   0.4504   0.7110 
  DB STEP 41   LABELS   0.5000  0.0000 
 5.2209   3.6186   2.9001   2.4904   2.2589   2.1771   4.9375   4.0760   2.0594   1.4300   2.2252   5.5206   2.4151   4.0192   17.0163   10.4377   6.6242   3.6366   3.1764   2.6252   2.3120   2.1382   2.0495   2.0433   0.2038   0.6155 
  DB STEP 42   LABELS   0.5000  0.0000 
 5.0201   2.1931   1.0996   3.5954   5.9907   3.6187   2.1136   3.8812   17.3242   10.3621   6.0834   4.5134   3.1818   2.6394   2.3214   2.1336   2.0473   2.0346   2.1009   2.2511   2.4804   5.9809   14.4099   4.3244   6.3325   0.4442 
  DB STEP 43   LABELS   0.5000  0.0000 
 5.2260   2.6260   1.6868   5.7002   6.1583   3.2426   1.9227   2.9505   6.1282   19.2423   8.4271   5.5873   3.0181   2.7720   2.3393   2.0923   1.9523   1.8958   1.9054   1.9985   2.1672   2.4741   2.4125   12.9280   6.0540   0.3656 
  DB STEP 44   LABELS   0.5000  0.0000 
 4.8342   2.5308   3.1269   5.6439   6.1440   2.8862   1.8840   2.7593   4.9603   18.1353   9.3643   5.6822   3.4951   2.8250   2.3612   2.0800   1.9222   1.8466   1.8439   1.9086   2.0530   2.3151   2.5733   3.5363   5.9383   0.3356 
  DB STEP 45   LABELS   0.0000  -1.0000 
 3.0877   3.3979   4.7204   1.4327   5.1152   5.3671   5.7120   2.3326   1.5273   2.0475   2.9391   5.2567   6.4327   6.6722   5.1466   3.7876   2.6461   2.3059   2.0491   1.9008   1.8379   1.8403   1.9141   2.0735   5.6109   0.0717 
  DB STEP 46   LABELS   0.0000  1.0000 
 3.7564   1.7034   2.3396   5.1192   5.3081   3.9556   1.2559   1.5095   1.8920   2.5941   4.3600   18.1676   9.5721   5.4714   4.9784   2.3563   2.4128   2.1091   1.9350   1.8478   1.8364   1.8846   2.0186   2.2525   5.3811   0.1444 
  DB STEP 47   LABELS   0.5000  0.0000 
 1.8134   1.8257   3.5869   5.2432   3.9194   1.1482   1.3006   1.5362   1.8968   2.5956   4.3656   18.6375   9.4273   5.4403   5.2015   2.4558   2.3081   2.1064   1.9315   1.8486   1.8318   1.8834   2.0142   2.2476   5.1356   0.1503 
  DB STEP 48   LABELS   0.5000  0.0000 
 1.6944   2.5202   4.4759   3.7402   1.0773   1.2069   1.3387   1.5394   1.8992   2.6005   4.3946   6.4955   6.4923   5.4128   5.2225   2.9186   2.0491   2.1040   1.9300   1.8449   1.8218   1.8798   2.0117   2.2442   4.8643   0.1577 
  DB STEP 49   LABELS   0.5000  0.0000 
 2.2044   3.1616   2.9488   1.0612   1.1633   1.2217   1.3427   1.5426   1.9032   2.6088   4.4302   6.4897   6.4847   5.4146   4.4638   4.0711   2.0293   2.0276   1.9260   1.8429   1.8231   1.8752   2.0073   2.2426   4.5922   0.1660 
  DB STEP 50   LABELS   0.5000  0.0000 
 2.6108   2.4442   1.0831   1.1500   1.1649   1.2282   1.3446   1.5505   1.9050   2.6133   4.4332   6.4839   6.4831   5.4500   3.7232   4.8481   2.6541   1.7405   1.9233   1.8391   1.8212   1.8769   2.0041   2.2378   4.3698   0.1736 
  DB STEP 51   LABELS   0.0000  0.0000 
 1.1828   1.1562   1.1755   1.2425   1.3681   1.5821   1.9648   2.7350   4.9615   18.6609   8.5566   5.1993   3.4681   5.1769   2.9333   1.7637   1.8743   1.8260   1.8170   1.8733   2.0118   2.2556   2.6829   3.4611   4.2005   0.3756 
  DB STEP 52   LABELS   0.0000  3.2956 
 1.2826   1.3983   1.5948   1.9455   2.6137   4.4702   18.8355   8.7731   5.6022   3.3538   5.2580   3.0539   3.0955   1.8147   1.7494   1.7548   1.7968   1.9113   2.1193   2.4793   3.1323   4.1359   6.1650   5.6203   3.9108   0.2798 
  DB STEP 53   LABELS   0.0000  -1.0000 
 2.6956   2.3447   1.5199   1.4211   1.3620   1.3572   1.3989   1.5020   1.6866   2.0045   2.5913   3.8801   15.4178   11.5240   6.3041   3.6724   3.7960   4.7361   2.4364   3.5026   1.3869   1.6191   1.6413   1.7146   3.7104   0.2775 
  DB STEP 54   LABELS   0.5000  0.0000 
 3.0670   2.4640   1.5674   1.4079   1.3102   1.2702   1.2750   1.3280   1.4433   1.6365   1.9807   2.6287   4.4591   7.8789   8.4677   5.6172   3.5768   3.2216   6.0375   2.2169   3.3040   4.6448   1.4053   1.7353   3.5235   0.3770 
  DB STEP 55   LABELS   0.5000  0.0000 
 2.9408   1.6274   1.4717   1.3342   1.2591   1.2400   1.2612   1.3362   1.4753   1.7103   2.1283   2.9811   5.2903   6.7198   6.9099   4.8623   2.9675   4.2250   5.1980   2.3356   3.8702   4.2107   1.4746   1.7925   3.4300   0.3585 
  DB STEP 56   LABELS   0.0000  1.0000 
 1.4683   1.3268   1.2562   1.2318   1.2578   1.3284   1.4652   1.7026   2.1221   2.9602   5.5177   19.8644   7.7398   4.8361   3.0208   3.5163   6.2284   2.1357   3.4653   5.4697   1.5251   1.7987   1.9316   2.1748   3.3166   0.1773 
  DB STEP 57   LABELS   0.5000  0.0000 
 1.4020   1.3088   1.2716   1.2821   1.3428   1.4559   1.6717   2.0339   2.7308   4.8214   7.5944   7.5900   5.0892   3.7814   2.2698   4.9583   5.2602   2.0611   4.3287   5.4607   2.0680   1.5501   2.0487   2.3967   3.0929   0.1146 
  DB STEP 58   LABELS   0.5000  0.0000 
 1.4526   1.3508   1.3183   1.3227   1.3861   1.5092   1.7270   2.1040   2.8133   4.9944   6.7116   6.4863   4.8541   3.7710   2.1341   3.3635   6.3350   2.9995   3.0751   5.4145   4.8916   1.5422   1.6907   2.3382   2.8434   0.1169 
  DB STEP 59   LABELS   0.5000  0.0000 
 1.4958   1.3986   1.3614   1.3697   1.4315   1.5617   1.7823   2.1741   2.9132   5.2691   6.7247   6.4866   4.6996   3.6464   2.1940   1.9445   5.5305   5.6021   1.6397   5.1573   5.4916   3.8979   1.5341   2.0274   2.5685   0.1201 
  DB STEP 60   LABELS   0.5000  0.0000 
 1.5434   1.4417   1.4029   1.4136   1.4797   1.6111   1.8424   2.2441   3.1847   5.4837   6.7285   6.4867   4.5238   3.5102   2.4465   1.5989   3.3834   5.6811   4.3956   2.3226   5.4455   5.7883   2.7019   1.5789   2.3436   0.1233 
  DB STEP 61   LABELS   0.5000  0.0000 
 1.5893   1.4896   1.4460   1.4607   1.5225   1.6600   1.8960   2.3094   3.3470   5.6897   6.7282   6.4819   4.3241   3.3610   2.5473   1.5747   1.5767   4.8217   5.3580   3.5294   2.9878   5.7380   5.3946   1.8962   2.0439   0.1287 
  DB STEP 62   LABELS   0.5000  0.0000 
 1.6381   1.5356   1.4872   1.4998   1.5741   1.7102   1.9524   2.3322   3.8239   5.8140   6.7283   6.4694   4.1210   3.1919   2.4745   1.9794   1.1550   2.0346   5.3095   4.9957   1.9223   3.8282   6.2821   3.4596   1.8191   0.1339 
  DB STEP 63   LABELS   0.5000  0.0000 
 1.6863   1.5786   1.5312   1.5454   1.6168   1.7597   2.0137   2.7217   4.4091   5.5055   6.6816   6.4444   4.0360   3.0126   2.4031   1.9449   1.6036   1.0169   2.9470   5.1950   3.2708   1.6576   5.2569   5.4154   1.5445   0.1422 
  DB STEP 64   LABELS   0.5000  0.0000 
 1.7310   1.6066   1.5618   1.5708   1.6338   1.7760   2.0234   2.9377   4.6346   5.2060   6.6209   6.3446   4.1447   2.8774   2.3989   1.9329   1.6692   1.3760   1.0310   4.2897   4.1410   2.1255   2.7875   6.3580   1.3947   0.1546 
  DB STEP 65   LABELS   0.0000  -1.0000 
 2.0025   1.7650   1.6307   1.5666   1.5631   1.6151   1.7351   1.9468   2.8124   4.0488   5.0456   22.0772   6.1997   4.8693   2.9572   2.5513   2.0194   1.7207   1.5439   1.3953   1.0366   4.8452   2.9388   1.8625   1.2153   0.3072 
  DB STEP 66   LABELS   0.5000  0.0000 
 2.0084   1.7578   1.6153   1.5467   1.5343   1.5850   1.6975   1.8406   3.0944   4.0518   4.6682   11.1714   5.9259   4.9642   3.2843   2.5206   2.0888   1.7671   1.5820   1.4805   1.4357   1.1000   2.8742   2.5037   0.9855   0.4040 
  DB STEP 67   LABELS   0.5000  0.0000 
 1.7630   1.6253   1.5593   1.5490   1.5993   1.6926   2.6004   2.8309   4.9433   4.3482   23.5160   5.6180   4.7313   3.4906   2.2714   2.0569   1.7436   1.5618   1.4639   1.4263   1.4358   1.3280   1.3386   2.3132   0.6962   0.4466 
  DB STEP 68   LABELS   0.5000  0.0000 
 1.7946   1.6546   1.5865   1.5742   1.6252   2.0510   3.1271   2.5239   5.4329   4.9844   18.2037   5.3687   4.5826   3.6346   1.9837   2.0139   1.7144   1.5353   1.4324   1.3990   1.4146   1.4802   1.3885   1.3574   0.4761   0.6498 
  DB STEP 69   LABELS   0.5000  0.0000 
 1.7781   1.6493   1.5926   1.5924   1.5829   3.0646   2.7665   3.9005   4.4157   5.1582   6.1309   5.2351   4.0892   3.6657   1.8632   1.9218   1.6610   1.5001   1.4159   1.3880   1.4059   1.4842   1.5222   1.2434   0.3711   0.8462 
  DB STEP 70   LABELS   0.0000  1.0000 
 1.6821   1.6334   1.6231   2.4856   3.2480   2.4224   5.6508   3.5702   17.3923   13.4083   5.1143   3.4931   3.6235   1.7423   1.8077   1.5677   1.4305   1.3605   1.3397   1.3713   1.4537   1.5811   1.3786   2.5229   0.2806   0.9788 
  DB STEP 71   LABELS   0.5000  0.0000 
 1.7642   1.7154   2.2246   4.2262   2.7111   3.7901   5.1636   3.6987   5.1729   4.8588   4.5860   3.0222   3.1671   1.4728   1.6337   1.4651   1.3378   1.2716   1.2586   1.2906   1.3722   1.5230   1.6432   1.4433   0.2075   2.0014 
  DB STEP 72   LABELS   0.0000  0.0000 
 