2.2489   2.2702   2.3818   2.5975   2.9775   3.6424   4.9392   8.1049   11.1251   10.3085   10.1003   9.3205   10.9704   7.7949   6.7554   6.1703   5.8789   5.8091   5.9889   9.0730   3.7581   2.9931   4.1968   3.9409   4.2643   3.0411 
  DB STEP 0   LABELS   0.0000  1.0000 
 2.2784   2.3847   2.6053   2.9876   3.6558   4.9448   8.1099   11.1105   10.2961   10.0904   9.3069   10.9552   7.7958   6.7536   6.1686   5.8693   5.8059   5.9641   9.0732   3.7905   3.0137   4.1579   3.9604   3.7267   4.2643   3.0099 
  DB STEP 1   LABELS   0.5000  0.0000 
 2.6225   2.8931   3.3598   4.1915   5.8646   9.9449   10.3677   9.7868   8.3459   7.3945   6.8570   6.6143   6.3584   5.8839   5.6496   5.6360   5.8712   9.2724   4.1216   3.0711   3.9051   4.0374   3.8364   3.1759   4.0314   2.9493 
  DB STEP 2   LABELS   0.5000  0.0000 
 2.8468   3.1335   3.6499   4.5497   6.3654   10.4658   9.9808   10.0075   9.3421   9.1722   9.9075   6.9729   6.1359   5.6662   5.4422   5.4306   5.6039   7.8928   7.2622   3.2589   3.2932   4.1833   3.9729   3.9206   3.7611   2.9432 
  DB STEP 3   LABELS   0.5000  0.0000 
 3.0725   3.3857   3.9358   4.9122   6.8730   10.6368   9.8435   9.5776   8.1899   7.2460   6.7170   6.4449   5.9022   5.4466   5.2311   5.2145   5.3910   6.1814   10.3902   3.4409   2.9874   4.0699   4.1173   4.0605   3.5623   2.9379 
  DB STEP 4   LABELS   0.5000  0.0000 
 3.2955   3.6356   4.2228   5.2700   7.3763   10.6742   9.7039   9.5208   8.2176   7.2665   6.7295   6.3451   5.6606   5.2278   5.0217   5.0059   5.1736   5.7061   12.2377   3.6305   3.1475   3.5110   4.2563   4.1988   3.2639   2.9288 
  DB STEP 5   LABELS   0.5000  0.0000 
 3.4976   3.9948   4.8014   6.2948   9.5674   10.1346   9.6608   9.1704   8.3516   10.1747   6.9583   5.9092   5.3381   5.0287   4.9278   5.0000   5.2725   8.2709   9.3344   3.4055   3.0321   4.0269   4.2507   3.6409   3.2142   2.9019 
  DB STEP 6   LABELS   0.5000  0.0000 
 3.9460   4.5627   5.6417   7.7767   10.6363   9.5684   9.4161   8.5196   8.8704   8.6450   6.1356   5.3765   4.9403   4.7303   4.6969   4.8393   5.2463   9.6734   7.7859   3.3601   3.0482   4.0093   4.3424   4.4260   2.9474   2.8876 
  DB STEP 7   LABELS   0.5000  0.0000 
 4.2221   4.8776   6.0384   8.3280   10.5569   9.4679   9.2103   8.2531   9.1145   7.9295   5.8273   5.1029   4.6927   4.4940   4.4596   4.5995   4.9235   7.8548   10.2320   3.4786   3.1533   3.4480   4.4483   4.5283   2.6990   2.8937 
  DB STEP 8   LABELS   0.5000  0.0000 
 4.4951   5.1940   6.4281   8.7973   10.4395   9.3673   8.9761   7.9833   7.7036   6.8019   5.5289   4.8419   4.4507   4.2573   4.2334   4.3620   4.6720   5.9250   12.8912   3.7122   3.2619   3.0864   4.4457   4.6301   2.4498   2.9009 
  DB STEP 9   LABELS   0.5000  0.0000 
 4.7649   5.5083   6.8091   9.3319   10.0864   9.2647   8.7229   7.7257   7.6949   6.4170   5.2241   4.5783   4.2107   4.0287   4.0024   4.1217   4.4172   5.0791   13.7476   4.3427   3.3713   3.1901   3.9450   4.7366   2.1758   2.9110 
  DB STEP 10   LABELS   0.5000  0.0000 
 5.0348   5.8195   7.1998   9.8512   9.7246   9.1670   8.4395   7.4594   7.6864   6.0669   4.9279   4.3142   3.9653   3.7976   3.7728   3.8898   4.1669   4.7668   11.3702   7.5154   3.4801   3.2927   3.4881   4.8392   1.9767   2.9200 
  DB STEP 11   LABELS   0.5000  0.0000 
 4.7957   5.3503   6.3100   8.0506   10.4803   9.2907   8.9919   7.9554   7.2305   7.0394   5.4371   4.5831   4.0852   3.8105   3.6967   3.7161   3.8767   4.2075   4.9233   14.0622   4.5548   3.4354   3.2908   3.8303   1.8509   2.9623 
  DB STEP 12   LABELS   0.0000  -1.0000 
 4.3656   4.5435   4.9149   5.5823   6.7387   8.8680   10.3215   9.2054   8.2185   7.2637   6.7328   6.2781   5.1358   4.4156   4.0020   3.7836   3.7113   3.7790   3.9956   4.3992   7.7373   11.7960   3.8036   3.3418   1.8509   3.0284 
  DB STEP 13   LABELS   0.0000  1.0000 
 4.4646   4.6469   5.0303   5.7104   6.8899   9.0473   10.1702   9.1148   8.5951   7.5072   8.5266   6.9075   4.9976   4.2957   3.8910   3.6799   3.6137   3.6789   3.8873   4.2887   6.0525   13.6345   4.2438   3.4509   1.7369   3.0093 
  DB STEP 14   LABELS   0.5000  0.0000 
 4.4435   4.8098   5.2071   5.9107   7.1297   9.3499   9.8590   8.9388   8.3224   7.2469   8.4229   6.5437   4.7874   4.1194   3.7301   3.5277   3.4567   3.5206   3.7203   4.1025   4.8867   10.3473   4.8167   3.6374   1.5096   2.9528 
  DB STEP 15   LABELS   0.5000  0.0000 
 4.7367   4.9594   5.4112   6.1941   7.5725   10.0978   9.1911   8.7806   7.9045   6.9316   8.8527   5.6421   4.5113   3.9209   3.5808   3.4068   3.3648   3.4499   3.6668   4.0755   4.8926   15.3550   4.8814   3.7262   1.3989   2.9122 
  DB STEP 16   LABELS   0.0000  1.0000 
 5.4735   6.3089   7.7759   10.1771   9.0671   8.7411   7.7704   6.8554   8.4197   5.4853   4.4323   3.8763   3.5536   3.3988   3.3671   3.4629   3.7013   4.1320   4.9880   16.6285   4.7194   3.7108   3.6380   4.6309   1.3989   2.8205 
  DB STEP 17   LABELS   0.5000  0.0000 
 8.5693   10.2032   8.9440   8.4887   7.3278   7.0800   7.9354   4.8397   4.0198   3.5530   3.2915   3.1687   3.1652   3.2711   3.5310   3.9811   4.8658   16.4248   4.7983   3.7264   3.6796   4.5488   5.6605   5.1853   1.2191   2.7116 
  DB STEP 18   LABELS   0.5000  0.0000 
 10.2215   9.2214   8.7950   7.7695   6.7270   8.5255   5.2295   4.0988   3.5142   3.1740   2.9960   2.9344   2.9816   3.1444   3.4555   4.0045   8.3594   12.9088   4.3837   3.6757   3.6895   4.9194   5.9005   5.0752   0.9979   2.7961 
  DB STEP 19   LABELS   0.0000  -1.0000 
 7.3790   9.3215   10.0283   8.9005   8.1839   6.9789   8.0041   6.2526   4.3234   3.6284   3.2290   3.0075   2.9139   2.9235   3.0454   3.3026   3.7572   4.6643   16.3162   4.9716   3.6942   3.6730   4.2577   5.7240   0.9979   2.8834 
  DB STEP 20   LABELS   0.5000  0.0000 
 6.1342   6.9897   8.4825   10.3329   9.0629   8.5545   7.2862   6.6810   7.8585   4.5576   3.6569   3.1604   2.8706   2.7209   2.6820   2.7349   2.9040   3.2116   3.7421   7.1863   15.3340   4.7866   3.7496   3.7904   0.7799   3.0453 
  DB STEP 21   LABELS   0.5000  0.0000 
 6.3580   7.2306   8.7467   10.2776   8.9644   8.3681   7.0207   6.8656   7.2393   4.2065   3.3790   2.9119   2.6399   2.5000   2.4559   2.5039   2.6493   2.9255   3.4080   4.3605   16.3580   5.3684   3.8782   3.8994   0.5148   3.1309 
  DB STEP 22   LABELS   0.5000  0.0000 
 6.6203   7.5276   9.1064   10.1586   8.8509   8.0982   6.6984   7.0412   6.1385   3.8137   3.0658   2.6420   2.3985   2.2731   2.2297   2.2746   2.4091   2.6574   3.0948   3.9128   13.3647   7.0686   4.3580   4.0147   0.2562   3.3881 
  DB STEP 23   LABELS   0.5000  0.0000 
 6.7882   7.7232   9.3191   10.0439   8.7709   7.9058   6.4901   7.3249   5.6047   3.5642   2.8618   2.4689   2.2424   2.1224   2.0849   2.1271   2.2491   2.4870   2.8924   3.6167   10.9835   8.4397   4.6832   4.0867   0.1435   3.9097 
  DB STEP 24   LABELS   0.0000  0.0000 
 6.7874   7.7157   9.3158   10.0441   8.7728   7.9056   6.4903   7.3252   5.6075   3.5675   2.8672   2.4714   2.2414   2.1225   2.0869   2.1272   2.2508   2.4855   2.8924   3.6183   10.9812   8.4421   4.6813   4.0860   13.7661   1.3330 
  DB STEP 25   LABELS   0.0000  0.0000 
 6.9808   8.0529   9.9003   9.5402   8.6454   7.4961   6.2319   7.9170   4.5757   3.3521   2.7517   2.4060   2.2124   2.1165   2.1018   2.1635   2.3125   2.5921   3.0692   4.0124   14.2925   5.8226   4.2635   4.1149   13.7661   1.3197 
  DB STEP 26   LABELS   0.0000  1.0000 
 10.3105   9.1397   8.5378   7.2229   6.0792   7.8436   4.3237   3.2306   2.6876   2.3745   2.2005   2.1168   2.1169   2.1988   2.3668   2.6747   3.2057   4.2749   13.5210   5.4570   4.0488   4.1357   5.0850   6.7407   13.7661   1.1909 
  DB STEP 27   LABELS   0.0000  1.0000 
 3.4803   4.9117   7.5180   5.3397   3.5157   2.8475   2.4678   2.2514   2.1388   2.1097   2.1605   2.2944   2.5390   2.9796   3.7729   12.6556   7.3719   4.5040   4.0812   4.3379   6.4391   6.1710   4.9906   3.5170   13.7661   0.9949 
  DB STEP 28   LABELS   0.5000  0.0000 
 7.6535   5.1485   3.3590   2.6757   2.2933   2.0684   1.9470   1.9108   1.9434   2.0418   2.2465   2.5963   3.2151   7.5610   11.2271   4.9889   3.8928   4.0616   5.3396   6.6973   6.0573   6.9643   6.4646   6.1912   13.5472   0.8347 
  DB STEP 29   LABELS   0.5000  0.0000 
 7.7657   4.2884   3.0158   2.4106   2.0733   1.8783   1.7764   1.7412   1.7681   1.8712   2.0607   2.3898   2.9765   4.8641   7.4110   5.0041   3.7179   3.8745   4.7497   6.7806   5.9327   7.0139   6.6225   6.3506   13.3061   0.8244 
  DB STEP 30   LABELS   0.5000  0.0000 
 4.8480   3.2079   2.5026   2.1159   1.8961   1.7706   1.7176   1.7340   1.8096   1.9768   2.2545   2.7516   3.7905   11.7810   5.0788   3.9568   3.7844   4.0687   6.4769   6.1880   6.8436   6.7597   6.4226   6.3336   13.2338   0.7584 
  DB STEP 31   LABELS   0.0000  1.0000 
 2.2931   1.9807   1.8007   1.7054   1.6811   1.7128   1.8184   2.0102   2.3415   2.9398   7.9941   10.1302   4.8391   3.5668   3.7252   4.4321   6.6634   5.9396   6.9751   6.6484   6.4035   6.3957   6.6242   6.5848   13.1028   0.5425 
  DB STEP 32   LABELS   0.5000  0.0000 
 1.9817   1.7942   1.6989   1.6743   1.7033   1.8062   1.9922   2.3141   2.8931   4.9609   5.9680   4.6925   3.3698   3.4691   3.7803   6.3081   6.0314   6.7423   6.6770   6.4155   6.4014   6.6200   7.1192   8.0168   12.9018   0.4580 
  DB STEP 33   LABELS   0.5000  0.0000 
 2.0134   1.8184   1.7166   1.6802   1.7087   1.8033   1.9829   2.2892   2.8401   4.8947   5.6952   4.5078   3.2334   3.2266   3.5009   5.4539   6.1339   6.3487   6.7025   6.4221   6.3845   6.5804   7.0502   7.9086   12.7313   0.4734 
  DB STEP 34   LABELS   0.0000  -1.0000 
 2.3631   2.1592   1.8987   1.7547   1.6831   1.6800   1.7368   1.8686   2.1049   2.5127   3.3962   14.7419   5.0753   3.9134   3.1156   3.3126   4.0554   6.4297   5.6691   6.7836   6.5392   5.7444   3.4654   2.4435   12.6843   0.6173 
  DB STEP 35   LABELS   0.5000  0.0000 
 3.3975   2.5283   2.0790   1.8194   1.6706   1.6016   1.5879   1.6342   1.7491   1.9550   2.3123   3.1005   13.6714   6.0151   4.0875   2.8808   3.0289   3.3419   5.5125   6.0021   6.4996   6.6683   6.4774   6.5239   12.4406   0.7244 
  DB STEP 36   LABELS   0.5000  0.0000 
 3.1477   2.3471   1.9265   1.6873   1.5469   1.4803   1.4747   1.5158   1.6177   1.8126   2.1460   2.9067   5.6682   4.7794   3.9911   2.8763   2.7859   3.0713   4.5190   6.3194   6.1621   6.7861   6.5926   6.6398   12.1914   0.7251 
  DB STEP 37   LABELS   0.5000  0.0000 
 2.8920   2.1598   1.7835   1.5620   1.4379   1.3758   1.3671   1.4108   1.5089   1.6893   2.0084   2.7458   5.5933   4.6580   3.8231   2.9306   2.5629   2.8312   3.6027   6.5694   5.8140   6.8837   6.6926   6.7528   11.9915   0.7226 
  DB STEP 38   LABELS   0.0000  1.0000 
 2.2691   1.8199   1.5692   1.4291   1.3470   1.3278   1.3530   1.4341   1.5765   1.8376   2.4163   9.6300   10.0951   3.7265   3.3311   2.4182   2.6203   2.9949   5.3345   6.0146   6.7929   6.7002   4.7946   3.3800   11.8582   0.6595 
  DB STEP 39   LABELS   0.5000  0.0000 
 2.1349   1.7129   1.4740   1.3335   1.2670   1.2434   1.2629   1.3387   1.4734   1.7160   2.3103   9.5168   10.3040   3.4358   3.3212   2.3463   2.3291   2.6568   3.9435   6.3943   6.4886   6.8516   6.8286   7.0607   11.6138   0.6645 
  DB STEP 40   LABELS   0.5000  0.0000 
 1.9775   1.5855   1.3626   1.2346   1.1727   1.1501   1.1701   1.2399   1.3670   1.5877   2.2020   4.4575   5.6824   3.1334   3.1512   2.4978   2.0283   2.3180   2.8247   6.3730   6.0161   6.9442   6.9221   7.1563   11.3429   0.6680 
  DB STEP 41   LABELS   0.5000  0.0000 
 1.8325   1.4711   1.2671   1.1470   1.0878   1.0681   1.0850   1.1497   1.2690   1.4730   2.1201   4.6245   5.8783   2.8552   2.9834   2.6965   1.8409   2.0057   2.4426   4.9333   6.0602   7.0258   7.0026   7.2436   11.0715   0.6720 
  DB STEP 42   LABELS   0.5000  0.0000 
 1.6891   1.3555   1.1659   1.0596   1.0057   0.9861   1.0012   1.0600   1.1702   1.4795   1.9257   4.8192   6.1060   2.5764   2.7982   2.5704   2.0907   1.7097   2.0632   3.0328   6.3170   7.0492   7.0892   7.3294   10.8743   0.6750 
  DB STEP 43   LABELS   0.5000  0.0000 
 1.5245   1.2545   1.1015   1.0123   0.9667   0.9578   0.9897   1.0608   1.1862   1.6848   1.8666   6.4859   4.9945   2.5703   2.6897   2.4602   1.9449   1.6742   2.0885   3.8795   6.2593   7.1027   7.1596   7.4897   10.7304   0.6495 
  DB STEP 44   LABELS   0.0000  1.0000 
 1.1112   1.0167   0.9714   0.9631   0.9889   1.0501   1.2250   1.7146   3.4599   16.0573   8.0904   2.3966   2.5613   2.3611   2.0992   1.4971   1.7914   2.4880   6.0881   7.0814   7.1435   7.4509   8.0888   9.2117   10.6285   0.4741 
  DB STEP 45   LABELS   0.5000  0.0000 
 1.0829   1.0091   0.9801   0.9837   1.0272   1.1450   1.6346   1.6364   12.8501   14.0147   3.6630   2.3995   2.3713   2.1729   1.8401   1.3963   1.7481   3.1518   6.2658   7.0743   7.2159   7.6413   6.1685   4.3428   10.4848   0.4441 
  DB STEP 46   LABELS   0.0000  -1.0000 
 1.3211   1.1488   1.0468   0.9900   0.9835   1.0047   1.0679   1.4796   1.6063   6.5616   16.2421   7.9585   2.2112   2.4023   2.2284   2.0819   1.4985   1.4663   2.0061   4.7531   6.7314   7.1054   7.3841   7.9861   10.4848   0.5843 
  DB STEP 47   LABELS   0.5000  0.0000 
 1.9088   1.4323   1.1754   1.0334   0.9510   0.9121   0.9062   0.9337   1.2911   1.4242   1.4058   11.6607   14.9400   6.7601   2.0007   2.2148   2.0853   1.9632   1.8349   1.2672   1.6540   3.9372   6.7966   7.2153   10.2459   0.7595 
  DB STEP 48   LABELS   0.5000  0.0000 
 1.7665   1.3018   1.0631   0.9283   0.8460   0.8107   0.8038   1.0320   1.2758   1.2074   1.1926   10.8189   15.6371   9.3046   1.6863   1.9889   2.0259   1.9082   1.8594   1.7435   1.2491   1.9292   6.1498   7.2996   10.0736   0.7727 
  DB STEP 49   LABELS   0.5000  0.0000 
 1.3934   1.0905   0.9234   0.8264   0.7767   0.7537   1.0393   1.2147   1.1332   1.0984   4.4755   16.0886   13.1342   5.2354   1.6877   1.9685   1.9205   1.8365   1.8222   1.6502   1.2631   2.5130   2.8375   1.9944   9.8911   0.7269 
  DB STEP 50   LABELS   0.5000  0.0000 
 1.1718   0.9313   0.7958   0.7174   0.8002   1.2178   1.0362   0.9275   0.8716   0.8459   10.9096   16.0273   11.7942   5.5440   1.3493   1.6976   1.7724   1.7137   1.7154   1.7768   1.4987   1.4794   7.1788   7.6194   9.6967   0.7158 
  DB STEP 51   LABELS   0.5000  0.0000 
 1.0114   0.8039   0.7288   1.0055   1.1275   0.8824   0.7517   0.6739   0.6306   6.3634   8.7660   8.4470   8.4439   6.7182   1.0976   1.3003   1.5805   1.6066   1.6052   1.6657   1.7704   1.4782   3.6017   7.7139   9.4024   0.7210 
  DB STEP 52   LABELS   0.5000  0.0000 
 0.8595   0.8847   1.1253   1.0287   0.7040   0.5549   0.4693   0.4384   6.9011   7.2659   6.7316   6.4868   6.4831   6.7216   1.5997   0.8534   1.2367   1.4698   1.5042   1.5603   1.6776   1.7911   1.5050   5.3108   9.1567   0.7258 
  DB STEP 53   LABELS   0.5000  0.0000 
 1.0075   1.1871   0.9500   0.4830   0.3373   0.3544   4.9787   5.0826   7.7987   7.2689   6.7312   6.4872   6.4852   6.7256   4.6159   0.7807   0.6870   1.1514   1.3996   1.4568   1.5720   1.7726   1.7967   1.5676   8.9356   0.7305 
  DB STEP 54   LABELS   0.5000  0.0000 
 0.7644   0.3684   1.2790   3.2125   3.2403   6.6847   3.9026   6.8498   7.7251   7.2634   6.7316   6.4860   6.4878   6.7224   7.2556   4.2691   0.6305   0.5601   0.5337   1.2858   1.4402   1.6273   1.9237   1.8538   8.7148   0.7354 
  DB STEP 55   LABELS   0.5000  0.0000 
 0.9755   1.8624   3.4494   2.9774   5.1567   6.4936   4.2647   7.0437   7.6553   7.2712   6.7323   6.4868   6.4855   6.7253   7.2581   6.0180   3.6879   1.3120   0.5074   0.5181   0.4611   1.1208   1.7935   2.0861   8.4452   0.7417 
  DB STEP 56   LABELS   0.0000  -1.0000 
 0.6345   1.1069   2.4177   3.4311   2.9076   5.5841   6.3613   4.4976   7.0379   7.2335   6.7299   6.4869   6.4881   6.7228   7.2523   8.1948   6.1357   3.7045   2.2060   0.4799   0.4983   0.4813   0.6246   1.7616   8.3959   0.8321 
  DB STEP 57   LABELS   0.0000  -1.0000 
 2.7412   0.7511   1.0933   1.5355   3.8543   3.2901   2.6311   6.4792   5.7305   5.1474   6.8730   7.5372   8.6866   10.3638   11.4039   10.2036   8.8482   9.9815   7.5404   4.0787   2.9719   2.9474   1.0029   0.5406   8.1998   1.0085 
  DB STEP 58   LABELS   0.5000  0.0000 
 0.8169   1.0065   1.2381   2.7989   4.0080   3.3031   2.5783   5.4065   5.7130   3.3949   4.8368   4.7236   4.7874   5.0304   5.5154   6.3494   7.8231   8.7015   9.7334   5.6343   3.8279   2.9628   3.0734   3.7254   8.0083   1.0420 
  DB STEP 59   LABELS   0.0000  1.0000 
 1.1874   1.3773   4.4662   3.5445   2.9472   3.7757   6.3883   4.3120   6.0642   6.6761   7.3304   8.4695   10.1590   14.7353   11.0361   8.7208   8.7524   8.3976   4.4701   3.2729   2.8798   3.1914   2.7207   0.6946   8.0083   0.9106 
  DB STEP 60   LABELS   0.5000  0.0000 
 5.2341   3.8716   3.1449   2.7998   6.4822   4.6580   5.1654   6.2962   6.7258   6.9772   6.4338   6.1435   6.0834   6.2435   6.6679   7.4368   6.3363   4.2207   3.2177   2.8412   3.2116   6.5153   4.3590   0.8292   7.7559   0.7851 
  DB STEP 61   LABELS   0.0000  -1.0000 
 3.6542   4.7431   3.6222   2.7796   4.1268   6.3594   3.5631   6.1351   6.3627   6.8690   7.7677   9.3050   13.2782   12.7616   8.5771   8.4822   9.5990   5.5894   3.9345   3.0651   2.9161   3.5427   8.1394   2.4079   7.7559   0.8501 
  DB STEP 62   LABELS   0.5000  0.0000 
 1.9602   6.3269   4.4451   3.3927   2.3747   5.9704   5.3571   3.0353   5.9813   6.2103   6.6985   7.5725   9.0723   12.8104   12.9022   8.4298   8.3213   9.4939   6.1189   4.2057   3.2956   2.8611   3.2678   6.7984   7.5302   0.9349 
  DB STEP 63   LABELS   0.5000  0.0000 
 3.8001   5.2903   3.8841   2.7644   3.8776   6.4204   2.7976   4.7347   5.9576   6.2552   6.8455   7.8781   9.4894   13.4342   11.6961   8.2884   8.2925   9.1904   5.4016   3.9910   3.2061   2.9108   3.3406   4.5466   7.4054   0.9032 
  DB STEP 64   LABELS   0.0000  1.0000 
 1.9888   2.2616   4.7194   5.6896   2.1004   5.6919   6.0001   6.3777   7.0717   8.2731   10.7396   14.0897   9.8664   8.2871   8.3746   8.5424   4.9128   3.7502   3.0804   3.0130   4.0162   5.0195   2.2013   1.1490   7.4054   0.6966 
  DB STEP 65   LABELS   0.5000  0.0000 
 6.7100   3.0662   2.8720   5.7450   5.8935   6.1942   6.7898   7.8108   9.3243   13.5169   11.2362   7.9542   7.9662   9.0214   5.4934   4.0679   3.3050   2.8541   3.0772   5.9974   6.8857   2.1688   1.3238   2.6878   7.1076   0.5462 
  DB STEP 66   LABELS   0.5000  0.0000 
 5.5696   2.1234   4.0876   5.8215   5.9071   6.2227   6.8265   7.8840   8.2007   7.2617   6.7281   6.4830   6.4830   6.6985   5.3861   4.0159   3.2863   2.8325   2.8088   4.3235   7.9008   2.9623   1.6900   1.4347   6.9599   0.5544 
  DB STEP 67   LABELS   0.0000  -1.0000 
 3.9493   5.4255   2.1632   4.1137   5.8212   5.8975   6.2065   6.7989   7.8392   9.2449   13.7478   10.5509   7.6988   7.7193   8.9309   5.4558   4.0550   3.3094   2.8419   2.7475   3.7459   8.3664   3.1969   1.7836   6.9166   0.6545 
  DB STEP 68   LABELS   0.5000  0.0000 
 3.2962   5.0601   2.9118   2.5793   4.4968   5.7490   5.7814   6.0382   6.5630   7.4885   8.8626   13.3180   11.2457   7.4810   7.4441   8.3249   6.6263   4.3895   3.5480   3.0380   2.7392   2.9910   6.6381   5.0708   6.6600   0.7781 
  DB STEP 69   LABELS   0.5000  0.0000 
 2.1574   2.9805   3.1566   2.2881   3.4964   5.5969   5.7177   5.8680   6.2489   6.9638   8.1826   11.8889   12.8260   8.1820   7.3939   7.4952   8.4642   5.0935   3.9342   3.3015   2.8929   2.6924   2.8926   2.1518   6.5864   0.8237 
  DB STEP 70   LABELS   0.0000  -1.0000 
 2.0682   2.9347   3.8218   3.5924   3.8904   2.3450   3.5450   5.5936   5.7057   5.8370   6.2173   6.9077   8.1073   11.7863   12.8216   8.2418   7.3308   7.4173   8.4266   5.2305   4.0249   3.3716   2.8290   2.0770   6.5275   1.0051 
  DB STEP 71   LABELS   0.5000  0.0000 
 2.7131   8.5481   7.9525   4.1162   3.9224   2.1021   2.3493   3.3090   5.1762   5.4305   5.4835   5.7402   6.2606   7.1673   8.5021   12.8565   11.2417   7.2036   7.1852   7.6104   7.5659   4.8214   3.9169   3.4003   6.2442   1.1021 
  DB STEP 72   LABELS   0.5000  0.0000 
 2.1540   3.0646   4.0279   3.4011   2.2149   2.2533   3.0337   4.7625   5.3891   5.3812   5.5712   6.0121   6.7827   8.0880   12.1862   12.1881   7.5358   7.1302   7.2994   8.4149   5.3745   4.2633   3.0565   2.1505   6.1454   1.0353 
  DB STEP 73   LABELS   0.5000  0.0000 
 2.8105   3.9940   3.0483   2.1242   2.0953   2.5919   3.5815   5.1270   5.1487   5.1728   5.3969   5.8585   6.6741   7.9917   12.0798   11.8490   7.2447   6.9904   7.2107   8.3589   5.4818   4.4131   3.7326   2.8066   5.9209   1.0025 
  DB STEP 74   LABELS   0.0000  1.0000 
 4.7054   2.9939   2.0424   2.1073   2.6148   3.6084   5.1075   5.1083   5.1342   5.3479   5.7993   6.5958   7.9066   11.7474   11.8360   7.3309   6.9736   7.1835   8.3988   5.5533   4.4630   3.8462   3.4813   3.2602   5.9209   0.9205 
  DB STEP 75   LABELS   0.0000  1.0000 
 2.0769   2.4644   3.1651   4.5904   5.1117   5.0280   5.1190   5.4243   5.9863   6.9682   8.4594   12.2383   10.6424   6.8480   6.8991   7.2215   7.8368   5.1296   4.2566   3.7508   3.4431   3.2893   4.5426   6.0356   5.7877   0.7000 
  DB STEP 76   LABELS   0.5000  0.0000 
 2.7530   3.5236   4.8940   5.0742   4.9735   5.0642   5.3477   5.8999   6.8429   7.9972   7.9994   7.5624   6.6399   6.6719   6.9687   7.9947   5.2558   4.3467   3.8222   3.5237   3.3401   3.6673   6.1974   4.1260   5.5984   0.6183 
  DB STEP 77   LABELS   0.0000  -1.0000 
 2.3931   2.8404   3.6535   4.9973   5.0492   4.9662   5.0654   5.3674   5.9292   6.9130   8.8183   11.7276   10.1894   6.5986   6.6499   6.9658   7.9303   5.1963   4.3181   3.8105   3.5202   3.3428   3.6784   5.7018   5.5512   0.7078 
  DB STEP 78   LABELS   0.5000  0.0000 
 2.4493   2.8005   3.4126   4.5723   5.1025   4.9056   4.8898   5.0547   5.4356   6.1186   7.0464   7.0152   7.0101   6.7910   6.3789   6.5224   7.2388   7.1479   4.9420   4.2129   3.7838   3.5482   3.4205   3.9901   5.3238   0.7742 
  DB STEP 79   LABELS   0.5000  0.0000 
 2.7072   3.0908   3.7698   4.9088   4.9937   4.7964   4.7835   4.9493   5.3167   5.9859   7.0903   10.6039   11.2561   7.6142   6.1573   6.3000   6.7637   7.6082   5.0923   4.3343   3.9003   3.6624   3.5356   3.7615   5.0541   0.7795 
  DB STEP 80   LABELS   0.5000  0.0000 
 2.9925   3.4192   4.1699   5.1025   4.8662   4.6750   4.6604   4.8227   5.1844   5.8351   6.5976   6.4747   6.4745   6.3719   5.9078   6.0399   6.4210   7.6468   5.3875   4.4862   4.0272   3.7851   3.6735   3.6947   4.8306   0.7847 
  DB STEP 81   LABELS   0.5000  0.0000 
 3.2559   3.7150   4.5269   5.1231   4.7524   4.5613   4.5522   4.7062   5.0635   5.7005   6.5354   6.4855   6.4854   6.3138   5.6812   5.8109   6.1748   7.3402   5.8628   4.6165   4.1534   3.8983   3.7963   3.8015   4.5574   0.7913 
  DB STEP 82   LABELS   0.5000  0.0000 
 3.5065   4.0104   4.8758   5.0240   4.6340   4.4551   4.4454   4.5967   4.9410   5.5614   6.4601   6.4880   6.4848   6.2813   5.4579   5.5791   5.9304   7.0562   6.3140   4.7484   4.2711   4.0124   3.9115   3.9189   4.3092   0.7981 
  DB STEP 83   LABELS   0.5000  0.0000 
 3.7684   4.3091   5.1185   4.8983   4.5226   4.3444   4.3343   4.4826   4.8189   5.4275   6.3323   6.4874   6.4862   6.2781   5.2451   5.3487   5.6869   6.7047   6.7612   4.8761   4.3892   4.1201   4.0188   4.0424   4.0860   0.8050 
  DB STEP 84   LABELS   0.5000  0.0000 
 4.0279   4.6056   5.2347   4.7765   4.4080   4.2345   4.2236   4.3724   4.6975   5.2896   6.1381   6.4314   6.4828   6.3005   5.0400   5.1203   5.4401   6.2162   7.2174   5.0150   4.5092   4.2340   4.1323   4.1690   3.7888   0.8153 
  DB STEP 85   LABELS   0.5000  0.0000 
 4.2865   4.8985   5.2443   4.6498   4.2948   4.1278   4.1193   4.2567   4.5756   5.1517   5.9422   6.3470   6.4878   6.3522   4.8455   4.8903   5.1991   5.7633   7.1674   5.5835   4.6228   4.3472   4.2392   4.2889   3.5662   0.8242 
  DB STEP 86   LABELS   0.5000  0.0000 
 4.5455   5.1969   5.1383   4.5255   4.1820   4.0187   4.0071   4.1443   4.4578   5.0127   5.7402   6.2765   6.4844   6.4281   4.6631   4.6595   4.9510   5.4910   6.8152   6.1418   4.7466   4.4543   4.3500   4.4019   3.3440   0.8343 
  DB STEP 87   LABELS   0.5000  0.0000 
 4.8044   5.4219   4.9962   4.4018   4.0624   3.9083   3.8986   4.0312   4.3351   4.8817   5.5280   6.2223   6.4813   6.5902   4.5000   4.4284   4.7057   5.2188   6.4893   6.5693   4.8652   4.5646   4.4559   4.5136   3.0728   0.8487 
  DB STEP 88   LABELS   0.5000  0.0000 
 5.0649   5.5433   4.8562   4.2789   3.9520   3.8012   3.7853   3.9208   4.2095   4.7403   5.3186   6.1894   6.4825   6.7240   4.4280   4.1956   4.4590   4.9454   6.0884   6.9104   4.9832   4.6819   4.5634   4.6208   2.8270   0.8641 
  DB STEP 89   LABELS   0.5000  0.0000 
 5.3239   5.5711   4.7184   4.1556   3.8392   3.6858   3.6777   3.8030   4.0938   4.6056   5.0953   6.1698   6.4899   6.7209   4.5296   3.9666   4.2142   4.6780   5.6217   7.0572   5.3903   4.7896   4.6772   4.7338   2.6065   0.8804 
  DB STEP 90   LABELS   0.5000  0.0000 
 5.5808   5.5019   4.5761   4.0295   3.7230   3.5798   3.5705   3.6926   3.9724   4.4707   4.8681   6.1657   6.4872   6.6616   4.7068   3.7422   3.9696   4.4045   5.1540   6.7631   6.0189   4.9063   4.7846   4.8402   2.3137   0.9071 
  DB STEP 91   LABELS   0.5000  0.0000 
 5.8385   5.3553   4.4371   3.9068   3.6098   3.4672   3.4621   3.5775   3.8474   4.3314   4.6354   6.1745   6.4827   6.5539   4.8745   3.5468   3.7235   4.1335   4.8350   6.3702   6.6415   5.0143   4.8938   4.9505   2.0955   0.9320 
  DB STEP 92   LABELS   0.5000  0.0000 
 5.9985   5.2127   4.3212   3.8036   3.5177   3.3764   3.3739   3.4853   3.7479   4.2104   4.4388   6.2210   6.4877   6.4823   4.9631   3.4006   3.5174   3.9038   4.5677   6.0145   6.9846   5.1020   4.9825   5.0450   1.8789   0.9626 
  DB STEP 93   LABELS   0.0000  -1.0000 
 2.4043   3.4248   5.1659   4.5563   3.9426   3.5846   3.3965   3.3476   3.4171   3.6202   4.0099   4.3974   9.3281   7.5059   8.5743   5.9135   3.5014   3.3964   3.7036   4.2398   5.2819   5.7754   3.3902   2.3927   1.8308   1.0911 
  DB STEP 94   LABELS   0.5000  0.0000 
 2.7188   3.8653   5.8890   5.4033   4.3309   3.7295   3.3801   3.2018   3.1417   3.1990   3.3839   3.7322   4.1052   7.6341   7.9791   8.0581   6.5680   3.9423   3.2330   3.4615   3.9492   4.7637   3.8585   2.7145   1.5877   1.1742 
  DB STEP 95   LABELS   0.5000  0.0000 
 5.6574   5.8194   6.1300   5.0598   4.0549   3.4874   3.1571   2.9861   2.9304   2.9821   3.1522   3.4734   3.8355   6.4623   8.1913   7.3432   6.9362   4.5069   3.1988   3.2782   3.7411   4.5528   6.2791   6.9786   1.2967   1.1346 
  DB STEP 96   LABELS   0.5000  0.0000 
 5.6713   5.9449   6.0772   4.7442   3.8208   3.2930   2.9952   2.8352   2.7952   2.8450   3.0148   3.3330   3.6684   5.8151   8.0812   7.1133   7.0350   4.7205   3.2025   3.1775   3.6360   4.4432   6.1744   5.9810   1.1263   1.0968 
  DB STEP 97   LABELS   0.0000  1.0000 
 3.0100   4.1410   3.9482   3.3651   3.0244   2.8351   2.7696   2.8005   2.9419   3.2184   3.5945   3.6929   9.4972   6.5380   7.7984   5.3087   3.2814   3.1136   3.4798   4.1733   5.6549   6.7974   4.2869   3.0189   1.1263   0.9426 
  DB STEP 98   LABELS   0.5000  0.0000 
 4.4591   3.6518   3.1516   2.8615   2.7036   2.6626   2.7094   2.8717   3.1723   3.4084   5.9118   7.8416   6.5545   7.2101   4.9966   3.1176   2.9416   3.2933   4.0152   5.5425   7.9899   5.8128   5.7022   5.1721   0.8681   0.8833 
  DB STEP 99   LABELS   0.5000  0.0000 
 3.4077   3.8306   3.2530   2.9065   2.7134   2.6359   2.6468   2.7696   3.0082   3.3037   3.3470   9.8215   5.9383   8.1156   5.4067   3.5598   2.9004   2.9954   3.5613   4.6035   7.0276   7.1194   4.8009   3.3949   0.7534   0.9777 
  DB STEP 100   LABELS   0.5000  0.0000 
 5.5792   4.1138   3.3582   2.9243   2.6774   2.5551   2.5291   2.5939   2.7678   3.0450   3.1031   7.9203   6.4594   6.5844   6.6742   4.7983   2.9852   2.7446   2.9852   3.6964   5.1950   8.3296   5.9991   5.8546   0.5856   1.1169 
  DB STEP 101   LABELS   0.5000  0.0000 
 5.3175   3.9144   3.1932   2.7822   2.5398   2.4240   2.3978   2.4594   2.6232   2.8381   2.8429   8.0213   6.2442   6.0247   6.8561   4.8705   3.1598   2.6579   2.6844   3.2807   4.5239   7.9550   7.0538   5.9842   0.3156   1.5137 
  DB STEP 102   LABELS   0.0000  -1.0000 
 6.8126   5.3723   3.9340   3.1953   2.7758   2.5347   2.4127   2.3833   2.4419   2.5993   2.8126   2.8127   7.7124   6.4537   5.9084   7.0434   4.8972   3.2471   2.6527   2.6484   3.2037   4.3934   7.6121   7.2263   0.3156   1.6055 
  DB STEP 103   LABELS   0.0000  -1.0000 
 2.0538   2.9134   5.2841   6.3508   4.4713   3.4691   2.9159   2.6024   2.4256   2.3509   2.3677   2.4713   2.6741   2.7816   2.7900   9.8046   5.5506   7.1744   5.6493   4.3959   2.8410   2.6236   2.6278   2.0583   0.2623   1.9421 
  DB STEP 104   LABELS   0.5000  0.0000 
 10.1543   7.6961   6.6942   6.7430   6.3344   4.2958   3.2425   2.6879   2.3610   2.1850   2.0998   2.0911   2.1567   2.3215   2.5207   2.5303   5.2895   6.0392   5.5456   7.1494   4.9041   3.6397   2.7722   2.7318   0.0394   3.1121 
  DB STEP 105   LABELS   0.0000  0.0000 
 