0.6400   0.5371   0.4680   0.4712   0.4664   0.5058   0.5957   0.6689   0.8036   0.9651   1.6090   3.5297   4.6831   2.3601   1.4509   1.5305   3.0152   2.8903   3.9782   1.9636   1.1033   0.9092   0.5437   0.5290   8.4183   0.1438 
  DB STEP 0   LABELS   7.4688  2.1919 
 0.5611   0.4966   0.4686   0.6106   0.5933   0.5485   0.5853   0.6679   0.7882   0.8322   1.8535   3.4357   4.5322   2.2854   1.3575   1.2944   2.0182   3.0186   3.4166   4.1974   1.4707   0.9783   1.2267   0.7165   8.3849   0.1226 
  DB STEP 1   LABELS   8.6829  0.0000 
 0.5640   0.5490   0.5487   0.5223   0.5268   0.5450   0.5913   0.6551   0.6391   0.8221   2.0915   3.4374   4.3811   2.1932   1.3447   1.0823   1.2269   3.1281   3.4280   4.6337   1.9166   1.2890   0.9005   1.5597   8.3532   0.1014 
  DB STEP 2   LABELS   9.5234  0.0000 
 0.5959   0.5467   0.5243   0.5244   0.5395   0.5808   0.5540   0.5914   0.7669   1.8708   2.7988   4.6244   2.3907   1.5994   1.0034   1.0219   2.0669   2.7253   4.1746   3.2562   1.6551   1.2042   1.1627   1.3940   8.3267   0.0963 
  DB STEP 3   LABELS   2.1263  18.0963 
 0.6337   0.6117   0.5533   0.5030   0.5291   0.5864   0.7332   1.2620   1.9210   2.5300   4.2490   2.4608   1.6283   0.9326   0.7060   0.7163   0.9999   2.9338   4.2888   3.3600   1.7880   1.4126   5.3282   1.1565   8.2403   0.0964 
  DB STEP 4   LABELS   7.6187  0.0000 
 0.6446   0.5479   0.5398   0.5602   0.5951   0.7769   1.1645   1.5194   1.9097   2.7773   4.1552   1.8836   1.4486   0.8247   0.5915   0.5311   0.5458   1.2767   3.8857   4.4080   2.1902   1.6773   9.5690   6.7165   8.1504   0.0686 
  DB STEP 5   LABELS   7.8465  2.3027 
 0.6377   0.5408   0.5027   0.4788   0.5177   0.5909   0.6270   1.2516   1.1728   1.4434   1.6480   2.6351   3.9034   2.3130   1.3463   1.2867   0.7510   0.5935   0.5179   0.4741   0.4586   2.0731   2.3179   2.0455   11.4860   0.3632 
  DB STEP 6   LABELS   0.0000  8.4950 
 0.5912   0.5295   0.5493   0.5673   0.5687   0.5981   2.7405   1.0207   1.1499   1.4064   1.4975   2.5628   3.6919   2.2349   1.1246   1.2070   1.0771   0.6518   0.5475   0.5020   0.4823   0.4811   0.4880   1.7036   11.5555   0.3764 
  DB STEP 7   LABELS   7.4176  0.0000 
 0.6076   0.6210   0.5782   0.5603   2.4470   3.0923   0.9062   0.9794   1.1289   1.3140   1.4147   2.5628   3.4911   2.2247   1.0213   0.9756   1.1442   1.1559   0.7775   0.5336   0.5118   0.5104   0.5217   0.5554   11.6342   0.3892 
  DB STEP 8   LABELS   7.2735  0.0000 
 0.6634   0.5953   0.9331   3.8975   3.2191   0.8302   0.9049   0.9732   1.1088   1.0887   1.4013   2.5037   3.2830   2.3913   0.9980   0.7341   0.8530   1.0658   1.7374   0.9338   0.8988   0.5395   0.5512   0.5841   11.7549   0.4098 
  DB STEP 9   LABELS   7.4370  2.1825 
 0.6914   1.0088   8.7800   2.9460   0.8353   0.9046   0.8562   0.9336   0.9584   0.9299   1.4597   2.4113   3.0768   2.5253   0.9366   0.7282   0.5814   0.7075   0.9310   1.4990   1.1670   0.9446   0.6808   0.6168   11.8360   0.4227 
  DB STEP 10   LABELS   7.0825  0.0000 
 1.0934   18.7972   0.9892   0.9908   0.9720   0.7496   0.8377   0.8335   0.7243   0.9178   1.5683   2.2825   2.8695   2.7474   0.9423   0.7060   0.5789   0.5095   0.4550   0.6414   1.4771   1.1850   1.1768   0.7227   11.9619   0.4428 
  DB STEP 11   LABELS   7.3587  2.1596 
 8.2742   0.7960   0.8842   1.2023   0.7080   0.8291   0.6738   0.5844   0.6781   0.9468   1.4099   2.1930   2.6661   2.5983   1.5852   0.6437   0.5549   0.5367   0.4422   0.4388   0.4334   0.5670   1.2488   1.2263   12.0470   0.4566 
  DB STEP 12   LABELS   6.6299  0.0000 
 0.8564   1.0541   0.7220   0.7100   0.8493   0.4825   0.5084   0.5602   0.7562   0.9675   1.3132   2.2010   2.4632   2.4369   2.1405   0.9699   0.5083   0.4530   0.4565   0.4629   0.4315   0.4279   0.4673   0.6101   12.1376   0.4698 
  DB STEP 13   LABELS   7.2403  -2.2822 
 0.9296   0.7589   0.6517   0.4547   0.4543   0.4629   0.5618   0.6387   0.7426   1.0151   1.1602   2.2557   2.2649   2.2653   1.9531   2.1574   1.2599   0.4236   0.4007   0.4054   0.3894   0.4627   0.4855   0.4882   12.2661   0.4863 
  DB STEP 14   LABELS   6.3133  0.0000 
 0.8101   0.4931   0.4598   0.4367   0.4912   0.6420   0.5961   0.6430   0.7597   0.9836   1.2300   2.1064   2.1031   2.1291   1.8024   1.9765   2.3452   3.0765   0.5882   0.3648   0.3780   0.4046   0.4159   0.5413   12.3369   0.4955 
  DB STEP 15   LABELS   0.0730  -0.0214 
 0.5222   0.4869   0.7713   0.5392   0.5500   0.5789   0.6328   0.7121   0.8153   0.7396   1.4622   1.8503   1.8520   1.9013   1.6001   1.6706   2.0120   2.6755   3.8408   3.6486   1.6742   0.4142   0.3696   0.4359   12.4626   0.5120 
  DB STEP 16   LABELS   7.2113  0.0000 
 0.6549   0.5683   0.5578   0.5490   0.5613   0.5943   0.6713   0.6593   0.5711   0.8116   1.5076   1.6470   1.6493   1.7027   1.4983   1.4272   1.6947   2.2358   3.4519   3.9122   3.1862   1.8248   0.6107   0.5243   12.5551   0.5241 
  DB STEP 17   LABELS   7.0751  0.0000 
 0.8018   0.5828   0.5605   0.5650   0.6924   0.5753   0.4783   0.6229   1.0842   1.5539   1.5264   1.5457   1.5979   1.3434   1.3610   1.6402   2.2177   3.6173   4.1826   3.0580   2.0137   0.7676   0.6140   0.5594   12.6390   0.4973 
  DB STEP 18   LABELS   -0.5241  26.7605 
 1.1015   1.4555   1.5970   1.5166   1.4950   1.4443   1.0923   1.1875   1.3537   1.6663   2.2226   3.5762   3.8996   2.9405   2.0202   1.4928   0.6291   0.4960   0.4490   0.4387   0.4670   9.7705   4.7909   2.3105   12.4283   0.0883 
  DB STEP 19   LABELS   7.5742  2.2228 
 1.4025   1.7136   1.5660   1.4893   1.4441   1.0177   1.0551   1.1526   1.3253   1.5931   2.1758   3.4483   3.7641   2.7713   2.0925   1.3607   1.3770   0.6876   0.4812   0.4354   0.4174   0.4334   0.4874   1.1878   12.2767   0.0962 
  DB STEP 20   LABELS   7.1922  2.2670 
 1.7743   1.6818   1.5369   1.4102   0.9480   0.9695   1.0207   1.1116   1.2772   1.5458   2.2160   3.2765   3.7157   2.5718   2.1654   1.2835   1.2657   1.3577   1.1656   0.4998   0.4591   0.4424   0.4496   0.4987   12.0474   0.1054 
  DB STEP 21   LABELS   7.1624  2.1020 
 1.5421   1.8567   1.7146   1.5485   1.2054   0.9277   0.9389   0.9753   1.0535   1.1887   1.4125   1.8920   2.9735   3.4670   2.8490   2.3245   1.6860   1.1844   1.7773   1.5287   1.2502   0.9960   0.4848   0.4704   11.9243   0.1840 
  DB STEP 22   LABELS   -0.5405  -18.4010 
 1.9584   1.8783   1.3993   0.8701   0.8184   0.7877   0.7797   0.8176   0.8799   0.9722   1.1060   1.5146   2.3943   2.9054   3.3387   2.1691   2.0602   1.7819   1.4650   1.7216   1.6655   1.4520   1.4679   1.0712   11.7318   0.2610 
  DB STEP 23   LABELS   7.4370  2.1825 
 0.9561   0.8451   0.7795   0.7410   0.7423   0.7652   0.7803   0.9104   0.9591   1.3347   2.0237   3.0942   3.1082   2.2206   1.9785   1.7258   1.5030   1.0013   0.9128   1.5332   1.4829   1.5541   1.2311   0.9636   11.5929   0.1382 
  DB STEP 24   LABELS   -0.2519  -2.1437 
 0.9213   0.8085   0.7518   0.7320   0.7251   0.7021   0.8309   0.8025   1.0242   1.3519   2.0746   2.4768   3.0970   2.0414   1.8314   1.5673   1.5500   1.1740   1.1451   1.4334   2.0555   1.4250   1.5175   1.2158   11.4695   0.1315 
  DB STEP 25   LABELS   7.2814  0.0000 
 0.8863   0.7949   0.7411   0.6910   0.7345   0.7062   0.7142   0.8742   1.0133   1.4118   2.0497   2.2230   2.9471   1.9139   1.6393   1.4916   1.4602   1.3485   1.1333   1.5576   1.2549   2.1106   1.3841   1.5466   11.2406   0.1415 
  DB STEP 26   LABELS   7.3609  0.0000 
 0.8738   0.7856   0.6842   0.7907   0.6287   0.6560   0.8093   0.8271   1.0963   1.3687   2.0069   1.9990   2.7728   1.8933   1.4218   1.4515   1.2381   1.3608   1.2306   1.1034   1.5848   1.3483   1.3669   1.1614   11.0901   0.1486 
  DB STEP 27   LABELS   7.4751  0.0000 
 0.8399   0.7685   0.6677   0.6132   0.7070   0.7579   0.7357   0.9425   1.0444   1.3815   1.9765   1.6974   2.6317   2.0578   1.2046   1.3264   1.1781   1.2809   1.2405   1.2470   1.0954   1.5089   1.2793   1.4367   10.9406   0.1549 
  DB STEP 28   LABELS   7.0016  0.0000 
 0.6930   0.6477   0.8385   0.7078   0.7217   0.9298   0.9654   1.2310   1.7524   1.5222   2.3768   2.4953   1.1508   1.1337   1.2276   1.0622   1.1103   1.1956   1.1535   1.1652   1.4579   1.3056   1.3350   1.3165   10.6667   0.1801 
  DB STEP 29   LABELS   0.2740  -2.3315 
 1.4080   1.0339   0.8597   0.8443   1.6205   1.5483   1.6990   1.1586   1.0814   1.6089   2.3213   2.2095   2.3033   2.1623   2.3619   1.7670   0.9868   0.8312   0.7363   0.6857   0.7081   0.6894   0.8040   0.7699   8.4721   0.1296 
  DB STEP 30   LABELS   7.4094  0.0000 
 1.0912   0.9161   0.9578   1.6696   1.4942   1.6637   1.1461   0.9235   1.0192   1.9355   2.0946   2.0069   2.1040   1.9539   2.0979   2.1768   1.0865   0.8431   0.7491   0.6981   0.6862   0.7214   0.7334   0.8707   8.3028   0.1378 
  DB STEP 31   LABELS   7.7766  -2.2822 
 1.0156   0.9928   1.5899   1.4761   1.5146   1.1097   0.8174   0.8518   1.1741   2.0926   1.9141   1.8085   1.9571   1.7695   1.8740   2.0936   1.5943   0.8538   0.7611   0.7157   0.6951   0.7135   0.7749   0.8201   8.0590   0.1466 
  DB STEP 32   LABELS   -2.6756  0.0000 
 1.0542   1.4590   1.5187   1.4715   1.2489   0.7252   0.7434   0.8421   1.8629   1.8228   1.7105   1.6291   1.7449   1.6053   1.6730   1.9408   1.7286   1.2622   0.7728   0.7280   0.7113   0.7265   0.7854   0.8467   7.9260   0.1514 
  DB STEP 33   LABELS   6.9297  0.0000 
 1.3665   1.6000   1.3703   1.1476   0.6674   0.6752   0.7409   1.4740   2.0241   1.6134   1.4795   1.4421   1.5592   1.4220   1.4600   1.6867   1.7257   1.4856   1.2496   0.7314   0.7209   0.7532   0.7873   0.8576   7.7590   0.1594 
  DB STEP 34   LABELS   6.9368  0.0000 
 1.6319   1.5000   0.7093   0.6598   0.6437   0.7045   4.2388   2.4617   1.5957   1.3960   1.2698   1.2487   1.3718   1.2333   1.2456   1.3857   1.6565   1.4897   1.3468   1.2768   0.8628   0.7569   0.7909   0.8633   7.5064   0.1763 
  DB STEP 35   LABELS   7.8642  -2.3079 
 1.9562   1.4978   1.4363   0.6523   0.5674   0.5369   0.5554   0.6045   9.3356   26.4418   1.7678   1.1784   1.1532   1.2237   1.2409   1.2644   0.9281   0.9948   1.0747   1.2807   1.5906   1.4701   1.3916   1.3723   7.3150   0.4374 
  DB STEP 36   LABELS   0.0000  0.0000 
 1.3215   1.1269   0.5770   0.4903   0.4684   0.4759   1.9326   8.6871   6.9074   2.1357   1.5713   0.9661   0.9503   0.9847   1.0791   1.0094   0.9522   0.8038   0.8852   0.9036   1.1927   1.5871   1.5430   1.5033   7.7226   0.5911 
  DB STEP 37   LABELS   -2.1358  0.0000 
 0.8050   0.5240   0.4801   0.4223   0.6247   1.7612   5.3465   9.1310   7.5201   1.6993   0.9533   0.7153   0.7694   0.8680   0.9048   0.8587   0.7247   0.8005   0.6743   0.7804   0.9605   1.4882   1.6280   1.6012   7.6542   0.6060 
  DB STEP 38   LABELS   6.4733  2.2037 
 0.4271   0.3976   0.3863   0.3930   0.4724   0.5041   0.4914   0.6335   1.2378   1.3594   2.8537   10.4171   8.3033   5.6530   1.4027   1.0873   0.9800   0.7786   0.7195   0.4534   0.4446   0.4552   0.5013   0.6830   7.8922   1.0106 
  DB STEP 39   LABELS   7.1729  0.0000 
 0.4469   0.4780   0.4803   0.4520   0.4460   0.4857   0.9458   1.1800   1.0470   1.5219   2.9103   10.7481   5.1237   1.4359   5.2863   5.3869   0.8553   0.8699   0.7524   0.6845   0.9284   0.4727   0.4781   0.5272   7.9901   1.0276 
  DB STEP 40   LABELS   7.0751  0.0000 
 0.5533   0.4892   0.4669   0.4722   0.6055   1.3187   1.2147   0.8945   1.0402   1.9401   2.9207   6.2418   8.6961   1.3153   1.0420   1.1471   9.3877   0.7578   0.9621   0.7294   0.6690   0.8336   0.5944   0.5321   8.0893   1.0442 
  DB STEP 41   LABELS   3.7665  2.1370 
 0.5293   0.5019   0.8065   1.4840   1.2700   1.0251   0.8222   0.9090   1.2251   2.8321   3.4380   7.3952   7.4881   1.1026   0.8725   0.9450   4.3446   11.7123   0.6982   1.2970   0.7243   0.6810   0.8111   0.6906   8.7873   0.9844 
  DB STEP 42   LABELS   4.9724  2.0152 
 0.5381   0.7596   1.6639   1.2613   1.1142   0.7924   0.8157   0.9648   1.5730   2.5948   3.9942   6.9522   8.3830   0.9958   0.7843   0.8287   6.8145   15.9216   0.6939   1.2064   0.8736   0.6807   0.7669   0.8185   8.8423   0.9899 
  DB STEP 43   LABELS   5.8733  1.8513 
 0.9142   1.7288   1.2834   1.0877   0.7474   0.7513   0.8372   1.0833   2.2937   2.4523   4.1089   12.9101   6.9049   0.8575   0.7088   0.6025   0.7611   16.0075   3.7896   1.2303   0.6990   0.8435   0.7399   0.8441   8.9300   1.0054 
  DB STEP 44   LABELS   7.6101  0.0000 
 0.9170   0.7290   0.8938   1.2655   1.5751   1.0475   0.8858   0.6424   0.6743   0.7409   9.2777   2.3035   2.3587   3.2673   8.1101   7.5993   0.9409   0.7602   0.6596   0.5634   0.6563   2.9801   3.6907   1.4276   1.5387   1.1481 
  DB STEP 45   LABELS   3.2541  0.0000 
 0.8112   0.9367   1.2799   1.5497   0.8668   0.5737   0.5641   0.5793   0.6173   0.6847   2.0351   2.2478   2.1430   3.6248   12.3356   6.2343   1.0553   0.7002   0.6883   0.6047   0.5690   1.3487   3.4071   2.3446   1.4026   1.1132 
  DB STEP 46   LABELS   6.0201  2.2276 
 1.0459   1.4007   0.8482   0.5736   0.4972   0.4798   0.4738   0.4824   0.5121   1.3194   5.9817   12.9480   1.9495   3.0275   7.9386   6.5402   8.2251   0.8828   0.6726   0.6039   0.6524   0.6107   0.6046   5.1171   1.2592   1.0661 
  DB STEP 47   LABELS   7.4768  2.1942 
 1.1453   0.9514   0.5848   0.4945   0.4552   0.4384   0.4330   0.4437   0.4731   1.7229   7.2072   14.2651   1.8674   2.7669   7.7713   2.8750   9.9060   1.0377   0.7183   0.6212   0.6186   0.6427   0.6308   3.6768   1.1191   1.0084 
  DB STEP 48   LABELS   0.0000  0.0000 
 0.7386   0.5105   0.4189   0.3698   0.3411   0.3205   0.3227   3.5827   1.4726   8.7229   16.3528   4.6148   1.6627   2.0196   6.7847   4.1886   5.7848   1.2757   1.0280   0.7620   0.6704   0.6334   0.6622   0.7276   0.9363   0.9012 
  DB STEP 49   LABELS   6.6685  -2.1020 
 0.5383   0.4085   0.3352   0.2967   0.3060   1.3387   3.3652   2.5796   1.2782   2.0222   24.4157   3.1468   1.5189   1.8937   6.8088   4.1176   4.4652   1.2978   1.0783   0.9125   0.7206   0.6817   0.6687   0.7264   0.8462   0.8301 
  DB STEP 50   LABELS   -2.0894  0.0000 
 0.4277   0.3205   0.3224   0.3794   0.6120   1.5141   4.2937   1.5942   1.5296   4.4954   27.0563   4.3929   1.4322   1.4114   5.7098   5.2555   1.9098   1.3924   1.1629   0.9966   0.8841   0.7345   0.7167   0.7261   0.7601   0.7421 
  DB STEP 51   LABELS   0.0000  0.0000 
 1.7587   1.0580   2.0053   2.2053   1.1443   1.3353   0.9570   0.6637   0.6977   0.9697   1.5914   3.0141   6.5926   2.5172   1.0971   0.8276   0.6782   0.5664   0.5177   0.5548   0.6603   0.5631   0.5903   0.6504   2.7177   1.1957 
  DB STEP 52   LABELS   3.2578  4.6210 
 1.4304   4.3651   1.5410   0.9906   0.5520   0.4836   0.5986   0.7729   0.7107   1.0018   2.4272   3.1372   6.6103   1.6591   0.9312   0.6971   0.5749   0.6498   0.4888   0.4692   0.4702   0.4699   0.5517   0.6534   2.3841   1.2421 
  DB STEP 53   LABELS   6.8592  0.0000 
 3.0794   2.6141   0.5776   0.4676   0.4878   0.8456   0.6203   0.5667   0.7195   1.3757   2.3299   3.0080   6.6246   1.7076   0.8979   0.6766   0.5604   0.4917   0.4833   0.9387   0.4630   0.4641   0.4987   0.5614   2.2485   1.2610 
  DB STEP 54   LABELS   5.5086  0.0000 
 2.4739   0.5059   0.5912   1.2643   0.7012   0.4580   0.5013   0.5961   0.7637   1.8501   2.1628   2.9763   6.5874   1.8800   0.8778   0.6585   0.5445   0.4805   0.4417   0.4235   0.4174   0.7684   0.4890   0.5435   1.9894   1.3057 
  DB STEP 55   LABELS   7.4257  0.0000 
 0.5770   0.8322   0.9740   0.4427   0.4487   0.4765   0.5322   0.6308   7.9418   2.0548   2.0427   2.7885   6.7458   1.9138   0.9795   0.6236   0.5322   0.4645   0.4322   0.4137   0.4100   0.4227   0.4482   0.5274   1.8207   1.3447 
  DB STEP 56   LABELS   6.8592  0.0000 
 0.7081   0.4749   0.4635   0.4608   0.4692   0.5042   0.5794   0.7493   9.5709   1.8215   1.9102   3.2538   6.0395   2.0086   1.0503   0.6708   0.4954   0.4399   0.4133   0.3971   0.3948   0.4067   0.4438   0.4873   1.6562   1.3917 
  DB STEP 57   LABELS   7.6101  0.0000 
 0.5387   0.5021   0.4875   0.4859   0.5018   0.6091   0.8530   4.1372   1.7688   1.5835   1.8024   5.1803   5.4851   2.0675   1.0008   0.7702   0.6281   0.4137   0.3876   0.3716   0.3770   0.3971   0.4245   0.4746   1.4158   1.4840 
  DB STEP 58   LABELS   7.2423  0.0000 
 0.5686   0.5303   0.5285   0.6029   0.5743   0.8999   3.8305   2.7742   1.5172   1.3686   1.7065   5.2608   5.2709   2.3143   0.9611   0.7389   0.6233   0.5603   0.5224   0.4363   0.3570   0.3663   0.3912   0.4492   1.2640   1.5634 
  DB STEP 59   LABELS   7.0455  0.0000 
 0.6009   0.6686   0.5763   0.6300   1.1187   2.9112   7.8850   1.5024   1.2715   1.2689   1.5742   4.3116   5.2763   2.7045   0.9107   0.7217   0.5994   0.5340   0.4979   0.4836   0.4869   0.5083   0.4047   0.4154   1.0531   1.7269 
  DB STEP 60   LABELS   7.5252  2.2084 
 0.7172   0.6474   1.1711   1.1044   2.7174   3.2868   2.5032   1.2159   1.0365   1.2409   1.4966   4.3912   5.1490   3.2116   0.8699   0.6799   0.5908   0.5104   0.4748   0.4603   0.4620   0.4817   0.5184   0.5741   0.9359   1.8678 
  DB STEP 61   LABELS   7.6572  2.2472 
 0.7460   1.2726   1.1394   3.9670   3.7633   4.1035   1.1661   0.9213   0.9185   1.1958   1.5226   4.3779   4.9443   3.2799   1.2824   0.6321   0.5337   0.5376   0.4534   0.4396   0.4418   0.4605   0.4933   0.5585   0.8429   2.0470 
  DB STEP 62   LABELS   7.5930  0.0000 
 1.4127   1.2329   3.3647   5.1758   3.1293   3.8310   0.7797   0.7466   0.9671   1.0047   1.5814   8.0651   4.4413   3.1160   22.2068   0.5882   0.4987   0.4477   0.4187   0.8570   0.4244   0.4400   0.4722   0.5351   0.7698   2.3873 
  DB STEP 63   LABELS   6.7376  2.1237 
 1.5735   1.8489   5.4857   4.0836   1.1856   0.6223   0.6879   0.8025   0.8581   0.8743   2.0013   5.6455   4.1139   2.9760   27.8567   1.7420   0.4621   0.4173   0.3906   0.3819   0.3846   0.4369   0.4787   0.5125   0.7773   3.6537 
  DB STEP 64   LABELS   7.3770  0.0000 
 0.8570   1.0659   1.3849   3.9388   4.5394   2.3660   1.1469   0.9718   1.5787   1.2032   1.2757   8.4173   5.0255   2.3027   0.6928   0.4820   0.5614   0.6847   0.7920   0.7638   1.3938   1.8717   2.2959   2.1597   5.6139   1.6999 
  DB STEP 65   LABELS   5.8089  -4.4943 
 1.1646   1.3422   10.3428   4.8278   3.9614   1.0651   0.8431   1.3886   1.3061   0.9750   1.5141   7.2894   4.5596   2.6846   0.7154   0.4755   0.3765   0.3256   0.4594   0.6638   0.7486   1.1731   2.4224   2.4530   5.4426   1.6902 
  DB STEP 66   LABELS   7.0677  0.0000 
 1.3410   3.1513   16.5323   5.4510   1.4290   0.7522   1.1245   1.5651   0.8309   0.8426   5.7470   7.2841   4.3790   3.0152   1.0817   0.5077   0.3858   0.3298   0.2988   0.2787   0.2716   0.4453   1.1240   2.4834   5.2654   1.6804 
  DB STEP 67   LABELS   6.8512  2.1595 
 1.6826   22.4256   4.0606   1.4303   0.7211   1.1070   1.3008   0.6936   0.6256   0.9198   4.7195   5.8903   4.2553   2.7489   1.9765   0.5182   0.4126   0.3596   0.3045   0.2864   0.2805   0.2837   0.2977   0.3279   4.9998   1.6638 
  DB STEP 68   LABELS   7.2743  -2.1348 
 6.0832   22.6817   0.7268   0.7477   1.3253   0.7000   0.5254   0.8158   0.7396   4.2136   5.0873   4.5401   3.9723   2.7760   2.8399   1.7720   0.4135   0.3621   0.3262   0.3124   0.3077   0.3267   0.3052   0.3358   4.8271   1.6514 
  DB STEP 69   LABELS   7.1425  0.0000 
 13.9076   0.7742   0.8655   0.9555   0.4034   0.8665   1.0186   0.5802   1.5143   8.4234   6.6879   4.2929   3.8407   2.3221   2.5706   2.5367   3.0194   9.5991   0.3258   0.3127   0.3075   0.3138   0.3214   0.3681   4.6528   1.6376 
  DB STEP 70   LABELS   7.5168  0.0000 
 0.8665   0.6087   0.8009   0.9612   1.0036   0.5360   0.8850   1.9570   1.4899   1.4266   3.1044   4.0605   3.7290   2.4151   2.5562   2.4027   2.5614   3.3536   2.6796   0.9179   0.4246   0.3135   0.3186   0.3621   4.3911   1.6141 
  DB STEP 71   LABELS   7.7679  2.2797 
 0.6913   1.4534   0.8291   0.4546   1.0958   1.0709   1.6811   1.5153   1.3527   1.2620   3.4911   3.8451   3.4403   1.9464   2.2646   2.1565   2.3153   3.2198   4.4627   2.3839   1.1566   0.7300   0.5501   0.3797   4.2205   1.5964 
  DB STEP 72   LABELS   7.1959  0.0000 
 0.9258   0.5883   1.1384   1.0877   1.0260   1.4930   1.3932   1.3722   1.0798   1.4687   3.6213   3.6253   3.3252   1.8926   2.2294   2.0374   2.0816   2.6669   3.5279   3.5455   1.4233   1.0890   0.9816   0.6693   4.0470   1.5765 
  DB STEP 73   LABELS   8.0989  0.0000 
 1.0485   1.2122   1.0786   1.0228   1.4510   1.2758   1.4803   0.9844   0.9221   1.9007   3.5716   3.4146   3.3167   1.5147   1.8084   1.9033   1.9200   2.2066   3.1689   3.6168   2.2073   1.2454   0.9508   1.0923   3.8028   1.5445 
  DB STEP 74   LABELS   7.7430  0.0000 
 1.2713   1.1259   1.0437   1.4474   1.3381   1.5776   0.8727   0.7485   1.1341   2.2759   3.5238   3.2092   3.1669   1.4874   1.8614   1.9646   1.6591   1.8770   2.5871   3.2738   2.7844   1.7820   1.2116   1.0341   3.6363   1.5196 
  DB STEP 75   LABELS   7.3051  0.0000 
 1.2885   1.1082   0.9970   1.6107   1.5919   0.7125   0.6582   0.7866   1.7790   6.4549   3.3269   3.0124   3.2541   1.1239   1.3630   1.6145   1.6317   1.6018   2.2335   3.1244   3.1216   2.1209   1.6201   1.1102   3.4266   1.4832 
  DB STEP 76   LABELS   6.4566  2.0352 
 1.1897   1.4780   1.6863   0.8323   0.5939   0.6110   5.3560   1.6589   3.0611   5.3417   2.9442   2.7452   3.1410   1.2861   0.9155   1.2291   1.6415   1.4746   1.4438   2.3985   2.9518   2.5926   2.0477   1.6830   3.1750   1.4305 
  DB STEP 77   LABELS   0.0000  0.0000 
 1.1637   0.6217   0.5799   0.8477   1.5530   1.2931   1.6410   1.3000   4.3647   2.3621   2.6789   2.3450   2.3349   2.9781   1.1443   0.9573   1.2082   0.5501   1.3748   1.4121   1.0901   2.7352   2.7332   2.3179   2.9042   1.3708 
  DB STEP 78   LABELS   7.0969  -2.0827 
 1.7904   1.2754   0.6570   0.5962   0.8327   1.4798   1.5447   1.6225   1.3672   1.3270   16.7098   2.7236   2.3912   2.3111   2.2211   2.0976   0.8821   0.9167   1.1399   0.9987   0.7988   1.3459   0.9737   2.1565   2.7857   1.3607 
  DB STEP 79   LABELS   -0.8154  -16.1917 
 2.1797   2.1286   1.4510   0.6200   0.5150   0.6817   0.9063   2.0099   1.0577   1.4620   1.2239   1.1098   1.5182   2.1714   2.5160   2.1166   2.1226   2.4000   1.8499   0.9864   0.7830   0.8709   0.8313   1.0221   2.6298   1.4307 
  DB STEP 80   LABELS   6.8426  0.0000 
 2.1911   1.1967   0.5118   0.5592   0.7466   0.8073   0.7767   1.1576   1.2311   1.2866   0.8734   0.9472   1.4068   1.9564   2.3017   1.9587   2.0340   2.0626   2.5349   2.3847   1.0383   0.8657   1.0539   0.8701   2.4500   1.4240 
  DB STEP 81   LABELS   2.1381  40.9427 
 1.4796   1.3644   1.1339   0.8525   0.8990   1.5986   1.4399   1.8622   2.1929   1.6765   1.6081   1.6192   1.7153   10.8414   1.1163   0.7886   0.6811   0.7005   0.6178   0.7787   1.3542   1.1431   0.9956   1.0359   2.1772   3.2047 
  DB STEP 82   LABELS   2.1100  -17.9576 
 1.3771   1.5146   1.1491   0.8887   0.8414   1.1464   1.6869   1.3687   7.3055   2.0421   1.5135   1.4155   1.4919   1.3582   3.7353   9.3304   0.8337   0.7115   0.6404   0.8070   0.6065   0.6993   0.6544   0.7904   2.0658   1.1608 
  DB STEP 83   LABELS   7.0603  0.0000 
 1.6364   1.1042   0.8519   0.8395   1.4131   1.4587   1.4072   1.4595   1.9952   1.6330   1.2250   1.2301   1.2928   1.0871   1.9035   14.7911   2.4757   0.7116   0.6434   0.6096   0.6325   0.6258   0.5933   1.2008   1.9413   1.0942 
  DB STEP 84   LABELS   7.3209  0.0000 
 1.1984   0.9042   0.8613   2.0176   1.3200   1.4712   1.0625   1.8475   1.7544   1.1951   1.0260   1.0423   1.1155   0.8894   1.3027   21.2275   3.1838   15.6313   0.6419   0.6102   0.6051   0.6830   0.6838   0.6991   1.7806   0.9803 
  DB STEP 85   LABELS   7.3124  2.1460 
 1.0014   0.9394   1.4861   1.3339   1.5631   0.9739   1.8512   1.6748   1.2548   0.8555   0.8277   0.8433   0.9502   0.7045   0.7358   28.8146   2.9458   12.0556   10.8175   1.0854   0.6170   0.6399   0.9946   0.9040   1.7030   0.9066 
  DB STEP 86   LABELS   7.5168  0.0000 
 1.0362   1.3863   1.4784   1.5847   0.9265   1.9553   1.6786   1.3435   0.7057   0.6378   0.6439   0.6538   0.7777   0.5564   0.5098   10.2134   9.2444   2.6881   8.7970   2.2029   1.7756   0.7904   1.0439   1.3106   1.5880   0.7520 
  DB STEP 87   LABELS   6.7157  0.0000 
 1.2727   1.4250   1.6315   0.9440   2.2014   1.7703   1.2900   0.5921   0.5105   0.5296   0.4613   0.5120   0.6260   0.5048   0.3610   0.3723   0.5037   2.6785   3.1198   2.8662   1.9983   1.6405   0.8165   1.2366   1.5373   0.6400 
  DB STEP 88   LABELS   2.6260  0.0000 
 2.7476   20.1167   1.5565   0.9692   1.1744   1.2567   1.0765   0.8063   0.9043   0.9710   2.4684   4.3327   3.3019   4.6403   1.6897   1.8329   1.2568   1.2542   1.5191   1.2157   5.1974   1.4643   1.3546   1.6328   1.6284   1.8933 
  DB STEP 89   LABELS   0.0000  0.0000 
 1.7467   1.0412   1.1115   1.1918   1.1792   0.7051   0.6720   0.7192   0.7377   1.1906   3.0297   4.3982   2.8195   1.6840   1.4837   1.4970   1.7085   1.1211   1.1954   1.4462   1.2573   0.9115   1.1091   1.3475   1.7046   0.4111 
  DB STEP 90   LABELS   7.7939  -2.2873 
 0.6965   1.0765   1.2100   0.8460   0.6166   0.6424   0.5538   0.6104   0.7661   2.1322   2.8323   4.3220   2.5150   1.6377   1.2913   1.2852   1.5267   1.4153   1.2240   1.8272   1.4001   1.2664   0.9529   1.1116   1.5443   0.4586 
  DB STEP 91   LABELS   7.7079  2.2620 
 0.7871   0.7737   0.7951   0.6183   0.5163   0.4950   0.5446   0.6353   1.3021   2.7286   5.3794   4.1140   2.3053   1.6485   1.0711   1.1797   1.1724   1.4978   1.3269   1.4353   1.1823   1.3876   1.2115   1.0237   1.3086   0.5586 
  DB STEP 92   LABELS   7.4668  0.0000 
 0.7517   0.6663   0.5296   0.4889   0.4874   0.5148   0.5656   1.1993   2.5506   2.4829   2.7011   3.8398   2.0633   1.7390   0.8382   0.9616   0.9978   1.1644   1.3577   1.2205   1.0430   1.2364   1.3557   1.5010   1.1941   0.6234 
  DB STEP 93   LABELS   7.9356  2.3289 
 0.8195   0.6077   0.5347   0.5017   0.4952   0.5047   0.5366   2.0174   2.4427   2.5302   2.3421   3.1491   3.1331   2.1207   1.4216   0.6953   0.7795   0.9457   0.8343   1.1980   1.1889   1.2634   1.0792   1.2347   1.0164   0.7912 
  DB STEP 94   LABELS   2.0804  -26.5583 
 0.8952   0.8663   0.8442   0.5710   0.9930   6.4857   3.2431   2.3995   2.1266   2.0655   2.0402   1.9719   3.4712   2.5670   1.9530   5.9294   3.6749   0.5413   0.4623   0.8131   1.1819   1.2340   1.0518   1.5773   0.8847   1.1950 
  DB STEP 95   LABELS   7.3716  0.0000 
 1.0762   0.6537   0.8784   1.1258   3.9497   6.9387   2.8166   2.1623   1.9012   2.0129   1.8105   1.7955   3.2979   2.5893   1.6037   1.8980   1.4079   1.7843   0.5041   0.4684   0.4372   0.8998   1.4167   1.1784   0.8629   1.4972 
  DB STEP 96   LABELS   2.8636  2.2156 
 1.4452   2.2037   5.1572   12.7378   2.3363   1.9017   1.6962   1.9010   1.4919   1.6005   3.0605   2.5120   1.2146   1.6463   1.4979   1.1542   1.3590   1.6872   0.7445   0.4419   0.4468   0.4540   1.1932   1.7535   0.8710   1.5870 
  DB STEP 97   LABELS   -0.5310  -9.0382 
 1.7396   1.4432   1.9771   3.3792   7.7126   2.8141   1.7899   1.4470   1.3587   1.3043   1.1020   1.1188   2.3741   2.7836   2.8105   1.3494   1.5541   1.5118   7.0655   1.7479   1.2350   1.1395   1.6763   0.9070   2.3235   0.7041 
  DB STEP 98   LABELS   7.3932  0.0000 
 1.6579   1.8491   2.6007   4.1421   10.9995   1.9031   1.4358   1.2081   1.2343   0.9405   0.8861   0.9608   2.1775   2.5716   2.6088   1.9531   4.1059   20.5354   1.2828   1.6888   1.6803   1.4843   0.9730   1.7617   2.1077   0.7875 
  DB STEP 99   LABELS   7.5168  0.0000 
 3.4541   4.9418   8.9541   1.1579   1.1506   0.6658   0.6064   0.4762   0.5816   0.8586   1.9678   2.1507   2.1523   2.2427   1.8465   0.9832   0.8877   1.2613   1.0673   1.6093   1.6915   7.1646   1.1243   0.9070   1.9086   1.1539 
  DB STEP 100   LABELS   7.4094  0.0000 
 3.8181   4.4171   1.1654   0.9004   0.5886   0.3819   0.4070   0.4945   0.6430   1.0466   2.0437   1.9731   1.9539   2.0590   2.1153   1.0272   1.1514   1.8406   0.4822   0.8925   1.6978   2.9123   7.2256   1.0019   1.8719   1.2280 
  DB STEP 101   LABELS   7.5759  0.0000 
 4.3073   1.4317   0.4904   0.3592   0.3738   0.4075   0.4498   0.5396   0.6658   2.7561   1.7705   1.8029   1.7604   1.8641   1.9052   1.6203   0.7967   1.0440   1.6554   1.4018   0.7693   0.6564   4.2596   1.6597   1.8325   1.3792 
  DB STEP 102   LABELS   6.7969  0.0000 
 0.7045   0.4047   0.3995   0.4003   0.4050   0.4378   0.4705   0.5635   2.5339   3.2701   1.5443   1.6364   1.5601   1.6512   1.7000   1.9308   1.3810   0.6716   0.9235   1.5469   1.4199   1.1192   0.7639   0.9942   1.8301   1.4865 
  DB STEP 103   LABELS   8.2301  -2.5942 
 0.4786   0.4434   0.4283   0.4428   0.4280   0.4618   0.5179   12.6799   4.7000   1.7152   1.3467   1.4637   1.3622   1.4428   1.5061   1.6580   18.1745   5.6193   0.5872   0.6052   1.1680   1.5549   1.2103   0.8343   1.8584   1.6237 
  DB STEP 104   LABELS   6.6819  0.0000 
 0.4871   0.4568   0.4448   0.4472   0.4603   1.3000   3.2597   24.2129   3.6222   1.2050   1.1516   1.3278   1.1682   1.2349   1.3361   1.3839   1.7203   21.3494   3.8177   0.5605   0.5532   0.7700   11.2199   6.6170   1.8963   1.7172 
  DB STEP 105   LABELS   6.9655  0.0000 
 1.9993   0.5737   0.4109   0.3425   0.3009   0.2763   0.2657   0.4867   1.1139   3.4331   3.0396   27.9813   3.2039   1.2580   0.9236   0.9111   0.9915   0.9847   1.0767   1.2399   1.3045   1.7200   3.0440   3.6585   1.8338   1.5087 
  DB STEP 106   LABELS   7.4176  0.0000 
 0.4549   0.2953   0.2254   0.2663   0.3973   0.5562   0.6276   1.1386   4.8781   3.1874   2.6451   33.2346   3.1814   1.5493   0.7571   0.7488   0.7623   0.8485   0.8954   1.0303   1.2473   1.3995   2.5453   3.3967   1.7904   1.6131 
  DB STEP 107   LABELS   7.2345  0.0000 
 0.3657   0.4199   0.4682   0.5323   0.5639   0.5279   1.0987   4.9389   4.0121   2.9607   6.3654   27.7663   2.8737   2.0016   0.7021   0.5817   0.5939   0.6311   0.7243   0.8148   1.0072   1.2877   1.8583   3.4553   1.7671   1.7184 
  DB STEP 108   LABELS   6.8938  -2.0231 
 0.3866   0.4148   0.4504   0.5074   0.5519   0.5523   0.4997   0.8093   3.1394   5.3533   3.1961   2.6893   30.4391   3.6543   3.2208   1.0156   0.6203   0.5334   0.5506   0.5926   0.6913   0.8032   1.0277   1.3210   1.7630   1.6868 
  DB STEP 109   LABELS   -0.2595  -19.8758 
 0.5496   0.5154   0.4970   0.3130   0.3020   0.3359   0.4055   0.8408   1.2258   2.3531   5.3053   3.6857   2.4811   2.2246   15.3629   1.8708   2.6497   3.7676   1.7480   0.7137   0.7578   0.6106   0.5348   0.6508   1.6052   1.7058 
  DB STEP 110   LABELS   7.2501  0.0000 
 0.3986   0.3403   0.3429   0.3535   0.3859   0.7060   1.2350   1.1301   1.0858   3.2547   5.0944   3.1744   2.2967   2.1171   1.6772   1.6276   2.2321   3.5668   2.9254   1.2549   0.7202   0.7466   0.7460   0.6313   1.5190   1.8837 
  DB STEP 111   LABELS   7.8819  2.3131 
 0.4371   0.4270   0.4245   0.7251   1.1563   1.2286   1.0272   0.7754   1.3077   2.7846   5.2644   3.6826   2.0656   2.3448   4.3950   1.4571   1.5492   2.5023   3.0860   2.3961   1.2822   0.9292   0.7352   0.8418   1.4948   1.9803 
  DB STEP 112   LABELS   7.6533  0.0000 
 0.4936   0.4685   0.6921   1.0825   1.1284   1.1878   0.6747   0.8885   0.9613   1.7799   3.9796   4.9090   2.6607   1.9401   2.0388   1.4607   1.3506   1.4516   2.6709   3.4500   2.7006   1.4628   1.1468   0.8143   1.4778   2.1092 
  DB STEP 113   LABELS   2.8761  -6.6756 
 3.3857   3.0146   1.4024   0.7346   0.5677   0.6384   0.6458   0.5646   0.6175   1.4725   6.4946   4.1465   2.0235   2.4891   1.9765   0.8995   0.8155   0.5835   0.4975   0.5027   0.5356   1.1929   1.3844   1.0119   1.4757   3.4529 
  DB STEP 114   LABELS   5.6628  2.2950 
 3.6944   1.5324   0.5720   0.5863   0.6077   0.4677   0.4159   0.5471   0.9174   1.8356   7.0245   3.5074   1.7980   2.1667   2.1943   1.2648   0.7367   0.6823   0.6643   0.4921   0.4495   0.4979   0.5891   1.5652   1.4195   3.3688 
  DB STEP 115   LABELS   7.5759  0.0000 
 0.6034   0.6345   0.5269   0.3785   0.4170   0.5226   0.7410   1.2657   3.7324   6.1913   2.5956   1.5964   2.1596   2.0849   16.3535   0.6583   0.6343   0.6270   0.6250   0.4535   0.4570   0.5435   1.2319   1.8336   1.3613   3.2634 
  DB STEP 116   LABELS   0.0000  23.0790 
 0.6447   0.4096   0.4443   0.5093   0.6238   0.8604   1.3173   3.0843   6.6600   2.8115   1.5197   1.9373   1.9690   15.3089   18.5817   0.5608   0.5408   0.5620   0.5853   0.4933   0.4161   0.5001   1.2942   1.7227   0.9553   1.2336 
  DB STEP 117   LABELS   3.8051  4.6262 
 0.7016   0.4536   0.4664   0.4954   0.5530   0.6724   0.8289   1.1840   1.7208   6.2633   4.5263   1.6328   1.2856   1.9979   1.8191   26.0816   18.6655   1.1397   0.4838   0.5198   0.5483   0.6025   0.5504   0.4927   0.8580   1.1877 
  DB STEP 118   LABELS   6.5083  -4.6158 
 0.5487   0.5480   0.5665   0.6267   0.6934   0.8004   1.0109   1.2375   2.3466   6.6681   3.7246   1.3486   1.0642   1.6742   1.7519   1.8545   3.6740   5.0409   2.1530   0.4416   0.4438   0.4944   0.5768   0.6697   0.6757   0.9961 
  DB STEP 119   LABELS   7.1624  2.1020 
 0.6447   0.6463   0.7355   0.7209   0.8031   0.9479   1.1013   1.4412   9.7900   6.6338   2.8663   1.0727   0.8573   1.3310   1.5723   1.7297   2.4699   5.1470   3.9040   1.6526   0.6339   0.4765   0.4305   0.5661   0.5714   0.7938 
  DB STEP 120   LABELS   7.3136  2.3053 
 0.9505   0.7563   0.7738   0.8287   0.9311   1.0177   1.1701   13.8622   4.0495   6.3194   1.8441   0.8108   0.6435   0.8123   1.4925   1.6200   1.3971   4.8888   4.2063   3.2182   1.4009   0.7544   0.6178   0.5488   0.4796   0.3020 
  DB STEP 121   LABELS   7.2113  0.0000 
 0.8392   0.8281   0.8578   0.9231   0.9856   1.0285   1.3639   20.9710   4.7252   5.7240   1.0097   0.6110   0.4868   0.5188   1.0915   1.5493   1.4246   2.5334   4.4662   3.2065   2.8345   0.9671   0.7920   0.6952   0.4992   0.0634 
  DB STEP 122   LABELS   2.7302  0.0000 
 0.5928   0.6073   0.9364   1.6562   1.1259   0.7361   0.7283   1.0792   4.2994   4.7541   2.5639   2.4365   1.6529   0.5558   0.4760   0.4318   0.3921   0.3950   0.3922   0.4161   0.5151   2.8405   2.8011   1.9644   5.4774   3.7644 
  DB STEP 123   LABELS   7.0825  0.0000 
 0.7233   1.1451   1.6244   1.0402   0.6296   0.7099   9.2403   8.8013   4.5604   4.1468   2.4310   2.6599   1.9319   0.4117   0.3600   0.3250   0.3073   0.3053   0.3330   0.3009   0.3258   0.3756   0.4617   2.8914   5.4514   3.7151 
  DB STEP 124   LABELS   6.5083  -9.2316 
 0.7813   0.9074   1.2638   1.3231   0.5195   0.6019   0.4524   0.8959   1.6048   6.3164   4.3030   4.2553   2.0685   2.1640   2.4333   2.9081   15.2867   0.3193   0.3067   0.3027   0.3073   0.3209   0.3513   0.4080   5.3528   3.7668 
  DB STEP 125   LABELS   0.8662  2.4573 
 1.0374   1.1532   0.5818   0.4143   0.7346   0.6836   1.4923   1.4781   1.4307   6.0437   4.0411   3.3481   1.9909   2.3210   2.3647   2.5590   3.6463   3.2188   0.9158   8.7751   0.2795   0.2804   0.3093   0.3660   5.2946   3.7346 
  DB STEP 126   LABELS   7.2068  2.1150 
 0.8229   0.5119   1.1999   0.8497   0.7873   1.9071   1.4431   2.6936   1.5782   6.4609   3.8148   2.9994   1.6757   2.2969   2.1906   2.2806   3.3633   4.5683   2.4532   1.0606   0.7870   0.5228   0.4047   0.3184   5.2383   3.6990 
  DB STEP 127   LABELS   9.2224  2.9070 
 1.0699   1.1795   0.6818   1.1423   1.7341   1.4491   4.0419   1.1390   2.1829   3.8233   3.6211   2.5211   1.6964   2.0180   1.9021   2.0281   2.7413   3.9342   6.3578   1.4213   0.9413   1.0242   0.6462   0.6007   5.1694   3.6466 
  DB STEP 128   LABELS   7.2345  0.0000 
 1.0410   1.1954   0.8088   1.0520   1.2660   1.4544   1.7483   5.2656   1.0713   4.7517   3.6291   3.5216   2.9231   1.6208   1.8503   1.8740   1.8685   2.1582   3.0144   3.3392   2.1751   1.1804   0.8192   1.0051   5.1382   3.6560 
  DB STEP 129   LABELS   -2.6462  -4.5042 
 1.4583   1.1179   0.9769   1.1496   1.3699   1.3341   1.7808   10.6601   0.9063   1.4570   5.2049   3.6462   3.3310   2.4287   1.5020   1.7088   1.7850   1.7701   2.0139   2.7892   3.0071   2.4619   1.4324   0.9045   5.0609   3.6462 
  DB STEP 130   LABELS   7.7679  0.0000 
 1.0547   1.2799   1.1793   1.2599   1.2757   1.7507   1.0714   0.7471   0.8423   1.8669   5.3067   3.3813   3.1372   2.6695   1.3300   1.5408   1.8539   1.5067   1.7280   2.4007   3.0388   2.7397   1.8553   1.4335   4.9952   3.6168 
  DB STEP 131   LABELS   8.5566  0.0000 
 1.3742   1.2654   1.1070   1.5350   1.6543   0.9488   0.6521   0.6921   1.4791   1.7764   8.0708   3.1197   2.9266   3.0341   1.1605   1.4975   1.6634   1.6534   1.3907   1.8972   2.6807   2.7190   2.2573   1.7693   4.8976   3.5664 
  DB STEP 132   LABELS   8.5241  0.0000 
 1.4480   1.1160   1.6626   1.6216   0.5800   0.5889   0.6046   1.4953   1.6617   8.4744   2.7241   2.8752   2.7328   3.1417   1.2320   0.9250   1.4598   1.5686   1.5077   1.4022   2.2998   2.6371   2.4825   2.0465   4.8375   3.5296 
  DB STEP 133   LABELS   7.8997  -2.3183 
 1.2530   1.5548   0.7471   0.5593   0.5367   0.9898   1.3357   1.6957   1.3948   11.2343   2.8121   2.5861   2.5024   2.6453   1.6030   1.0709   0.8689   1.2039   1.4750   1.4010   1.6408   2.7110   2.7719   2.3060   4.7610   3.4712 
  DB STEP 134   LABELS   6.9583  0.0000 
 1.1310   0.6031   0.5539   0.8029   1.6696   1.2243   1.6101   1.3218   1.3376   1.8503   2.8092   2.3571   2.3326   2.4516   5.2892   0.8672   0.9913   1.2450   0.8039   1.2250   1.2849   1.2135   2.6121   2.5184   4.7310   3.4414 
  DB STEP 135   LABELS   8.6112  0.0000 
 0.6594   0.6276   0.9790   1.1302   1.1581   1.4677   1.3516   1.1336   1.5276   1.8840   2.6327   2.1246   2.1301   2.1160   2.1747   0.9876   0.6807   0.9033   1.1162   1.2455   1.4431   0.6631   0.9901   2.6509   4.6837   3.3814 
  DB STEP 136   LABELS   7.2971  0.0000 
 0.7772   1.0181   0.9772   1.4642   1.4067   1.3200   1.0145   1.1103   1.6274   2.1289   2.3780   1.8891   1.9331   1.8450   2.5809   1.0459   0.7805   0.5880   0.7607   1.0160   1.0421   1.4817   1.1236   0.7091   4.6634   3.3407 
  DB STEP 137   LABELS   7.6101  0.0000 
 1.0883   1.0329   1.4894   1.4008   1.2091   0.9380   0.9803   1.7219   1.4832   6.3124   2.0567   1.6795   1.7487   1.5857   2.4627   1.6208   0.8190   0.6709   0.7652   0.5342   0.7338   1.0359   1.0789   0.8895   4.6512   3.3012 
  DB STEP 138   LABELS   6.9511  0.0000 
 1.1488   1.5103   1.4321   1.1303   0.8710   0.9031   1.6307   1.5050   7.0407   2.1894   1.7234   1.4801   1.5660   1.3480   2.0079   9.3116   0.8414   0.6981   0.6187   0.9821   0.5283   0.6847   0.6893   0.7176   4.6485   3.2392 
  DB STEP 139   LABELS   7.3851  0.0000 
 1.4939   1.5774   0.9785   0.8590   0.8610   1.6356   1.4361   1.2872   8.7290   1.9530   1.4042   1.2802   1.3851   1.1511   1.5996   13.3163   2.5276   0.7172   0.6357   0.5909   0.5910   0.6044   0.5465   1.1064   4.6580   3.1973 
  DB STEP 140   LABELS   7.6446  0.0000 
 1.6775   0.9901   0.8762   0.9690   1.9908   1.3807   1.2721   4.2130   1.8728   1.5053   1.1013   1.0843   1.1982   0.9784   1.1384   19.6798   3.1042   2.2595   0.6541   0.6087   0.5924   0.6254   0.6259   0.6554   4.6908   3.1348 
  DB STEP 141   LABELS   7.3689  0.0000 
 1.1429   0.9350   1.0123   1.8631   1.3657   1.3191   1.2298   1.7983   1.6687   1.0861   0.8890   0.8878   1.0012   0.8357   0.7638   20.5373   9.4405   2.8268   21.5956   0.8602   0.6223   0.7635   1.0394   0.8948   4.7242   3.0946 
  DB STEP 142   LABELS   5.5287  1.7427 
 0.9644   1.4851   1.2978   1.5347   0.9367   1.9246   1.6585   1.2713   0.8081   0.7780   0.7754   0.8988   0.7052   0.6513   27.0496   6.7785   2.7569   15.1769   1.9820   0.6095   0.6440   1.2064   1.0648   0.8397   4.7600   3.0316 
  DB STEP 143   LABELS   -0.5316  18.0963 
 1.6473   1.7487   1.4583   0.8692   0.7600   0.7360   0.8505   0.7156   0.5552   0.5870   27.3735   5.2950   2.6503   16.6033   2.4884   1.2720   0.5103   0.5347   0.5842   0.7003   0.8281   1.0586   1.8857   2.8456   4.8532   2.7809 
  DB STEP 144   LABELS   0.0000  0.0000 
 0.7492   0.3387   0.5606   0.6294   0.4991   0.7087   0.9713   1.1015   1.5333   1.6100   2.3634   2.0953   11.6879   3.2623   2.2913   1.4930   1.4121   0.7463   1.2464   0.8055   1.1140   1.0004   0.7996   0.8387   5.3731   2.7243 
  DB STEP 145   LABELS   7.6321  -2.2398 
 0.8154   0.6872   0.4590   0.6448   0.6628   0.6882   1.3835   1.1682   1.5564   4.2493   2.3388   1.8000   2.2008   3.4459   1.1436   2.2361   1.4336   1.0933   0.6497   0.7955   1.1325   0.6829   0.9787   1.0646   5.5492   2.7073 
  DB STEP 146   LABELS   7.4529  -2.1872 
 0.7137   0.5593   0.6587   0.6472   0.6375   1.1653   1.3313   1.2165   1.3288   1.6094   2.2203   1.6719   2.0695   3.7866   1.0437   1.8028   1.1396   1.6590   0.7488   0.6236   1.0199   1.1016   0.6697   0.9202   5.7143   2.6943 
  DB STEP 147   LABELS   0.9179  -2.6041 
 0.7470   0.6689   0.7247   1.2407   1.3292   0.9767   0.9145   1.4787   1.4477   2.0343   1.5566   1.5626   2.7727   3.6794   0.8375   1.1495   0.9798   1.4480   1.5289   1.4607   1.0768   1.1703   1.1006   0.6905   5.9168   2.6842 
  DB STEP 148   LABELS   2.0407  2.4811 
 0.7718   0.7680   1.1135   1.3743   1.0149   0.7147   1.2531   1.2940   1.0935   1.6192   1.6805   1.1682   1.1843   2.0364   4.3614   4.1433   0.6180   0.7187   0.9314   0.9730   1.5026   1.5513   1.3823   1.0908   6.1493   2.7353 
  DB STEP 149   LABELS   8.8307  0.0000 
 0.8074   0.9343   1.4739   1.2581   0.6653   0.9542   1.3307   1.0828   1.1836   1.5653   1.5175   1.0759   1.0721   1.8234   4.2804   4.5260   1.2567   0.5691   0.8036   0.8043   1.3077   1.5780   1.4672   1.1937   6.2807   2.7256 
  DB STEP 150   LABELS   0.0000  0.0000 
 1.1893   1.2949   11.2510   3.4570   2.7355   0.5324   0.5170   0.8350   0.8827   0.7212   1.1032   1.1984   0.8403   0.4826   0.4898   0.5119   0.6720   1.2285   2.9395   2.3153   2.7811   2.5624   1.1643   1.1060   6.2979   1.8650 
  DB STEP 151   LABELS   -1.5503  4.3979 
 1.2759   1.2243   1.0993   1.5847   1.4790   1.0090   1.0407   1.3546   1.1785   1.2718   1.5440   1.5357   1.0124   0.9408   1.4382   2.5049   4.1965   4.4390   2.9603   0.5033   0.5150   0.7947   0.8195   1.3656   6.4240   2.8752 
  DB STEP 152   LABELS   8.2614  2.6041 
 20.8038   1.2593   1.1782   1.2639   1.6242   1.4960   1.2000   1.0581   1.4623   1.2555   1.4807   1.6995   1.4198   1.0503   1.3903   1.8067   3.9167   4.3778   1.0083   0.5227   0.7910   0.7764   0.8243   1.2667   6.3477   2.9362 
  DB STEP 153   LABELS   0.6689  0.0000 
 1.1656   1.3880   1.3383   1.3984   1.5958   1.4945   0.9039   0.9272   1.5429   1.4872   7.3605   4.1968   4.1829   1.4127   0.3120   0.3124   0.3289   0.6599   0.6691   0.9273   1.5115   1.0594   1.2715   1.0458   5.5286   2.5548 
  DB STEP 154   LABELS   6.8732  0.0000 
 1.4114   1.4025   1.3797   1.5829   1.4713   0.7948   0.8238   1.5069   1.2774   1.6849   3.1442   4.1631   3.9615   2.8474   1.0797   0.1970   0.1761   0.1746   0.1984   0.2365   0.5783   1.4326   1.2141   1.2517   5.6659   2.5578 
  DB STEP 155   LABELS   7.6321  -2.2398 
 1.8057   1.7651   1.6762   1.3852   1.3143   0.9613   1.1192   1.2926   1.1918   0.5985   0.3516   0.4247   0.4514   1.2554   0.9169   0.9726   3.4527   2.8319   2.5236   2.1483   2.0008   1.2158   0.8411   0.7257   5.9981   2.9295 
  DB STEP 156   LABELS   7.2345  0.0000 
 0.5779   0.4926   0.9630   1.3361   1.0993   0.7806   1.0268   2.7144   2.7953   3.4909   6.3880   2.1876   1.8064   1.5099   1.7107   1.4681   0.6130   0.5153   0.6562   0.9952   0.4465   0.7432   4.3682   1.9126   6.1845   2.2716 
  DB STEP 157   LABELS   0.4680  -3.9833 
 1.3670   3.6165   0.6081   0.5610   1.0318   1.2776   1.3700   0.7277   0.7353   1.1623   7.5883   2.5073   3.3554   3.3250   2.5030   2.0029   1.8196   14.9321   1.5767   1.4359   0.8208   0.5382   0.5264   0.5145   6.3328   2.5781 
  DB STEP 158   LABELS   0.0000  9.1696 
 0.8553   0.6269   0.6246   1.1351   1.1035   1.2995   0.6181   0.6359   0.7567   1.5020   6.4207   2.4994   3.3817   3.1474   2.3841   2.0437   1.6465   9.8474   1.2986   1.4531   1.3865   0.8408   0.5863   0.6139   6.4807   2.5825 
  DB STEP 159   LABELS   9.1911  0.0000 
 0.6808   0.7979   1.1658   1.2795   0.9628   0.5558   0.5293   0.8057   1.4230   8.2915   4.8223   2.5240   3.1947   3.1766   2.2045   1.9414   1.6752   1.8886   8.1706   1.2153   1.4108   1.4025   0.9861   0.7221   6.6194   2.5837 
  DB STEP 160   LABELS   5.9031  1.7324 
 1.3431   1.2297   1.4253   1.3339   1.2247   0.6928   0.5626   0.4984   0.4270   0.4780   0.6930   2.4879   17.8595   2.2824   2.0377   2.1763   1.7377   9.4930   0.7046   0.6377   0.9354   1.1598   1.4496   7.7094   5.6809   0.7829 
  DB STEP 161   LABELS   7.3791  0.0000 
 1.4897   1.3310   0.5954   0.5176   0.3312   0.3120   0.6535   0.5974   0.5174   2.4179   14.4912   4.9964   2.1422   2.0925   1.8610   1.5647   4.1059   1.1744   0.6416   0.5932   0.9436   1.3426   1.2380   0.7866   5.5336   0.7092 
  DB STEP 162   LABELS   2.3304  -2.2037 
 1.3710   0.5281   0.3299   0.3629   0.4824   0.7751   0.4437   0.4384   7.5209   3.3299   16.6267   2.0560   1.9869   2.0267   1.5902   1.4741   1.2749   1.4992   0.7889   0.7468   0.5808   1.0880   1.5123   0.9039   5.4800   0.6901 
  DB STEP 163   LABELS   0.0000  0.0000 
 3.0379   1.1472   0.4228   0.3647   0.5245   0.2369   0.1649   0.1711   0.2893   0.1817   0.1592   0.5001   0.8743   15.5785   2.6843   13.9097   1.8663   1.6153   1.4447   1.5845   1.3544   1.4508   1.3430   1.4649   5.1827   0.8289 
  DB STEP 164   LABELS   0.5322  0.0000 
 0.1068   0.0739   0.0857   0.1100   0.7263   1.0977   0.8974   0.6356   0.5807   0.6773   13.8528   2.5404   3.3427   21.5223   1.5634   1.4160   1.3327   1.7589   1.2710   1.4361   1.4991   1.4947   1.6540   1.3878   5.0126   0.6773 
  DB STEP 165   LABELS   7.1057  -2.2398 
 0.7404   0.8395   1.1198   1.0356   0.4185   0.4069   0.4214   0.4532   0.7094   1.9302   14.6248   2.4919   14.9503   9.8357   1.3351   1.2293   1.0740   1.2107   1.6755   1.1444   1.4957   1.5268   1.5995   1.7660   4.8205   0.6270 
  DB STEP 166   LABELS   -0.5212  0.0000 
 0.4867   0.4453   0.4222   0.4134   1.2996   0.9888   11.8309   28.0467   2.1057   2.2935   2.7183   25.4005   2.3643   1.1263   0.9157   0.9303   0.8293   1.2497   1.5943   1.1020   1.4238   1.4939   1.4345   1.7844   4.7081   0.5440 
  DB STEP 167   LABELS   5.3872  0.0000 
 0.4933   0.4700   0.8112   1.2983   0.6727   1.1227   26.8590   21.5760   7.8940   2.1574   5.2991   26.5980   2.3551   1.0077   0.7626   0.8018   0.7691   0.7014   1.1943   1.4688   1.1295   1.3705   1.4081   1.7944   4.6221   0.4956 
  DB STEP 168   LABELS   7.0235  0.0000 
 0.6469   0.9208   0.7042   1.0493   1.0634   2.5288   26.7774   8.0085   4.9933   2.0510   2.4507   19.7163   2.4035   0.6575   0.9022   0.5241   0.6318   0.6636   0.6253   0.9226   1.3265   1.2360   6.8285   1.6504   4.5654   0.4617 
  DB STEP 169   LABELS   2.1077  -40.3604 
 1.1160   0.6571   0.6297   0.7770   0.6160   1.3276   0.9883   1.0386   1.0028   2.8608   2.3319   2.4637   1.8483   2.1775   14.2767   12.4823   1.4851   0.4670   0.8479   0.6179   0.4906   0.6927   0.6754   0.9167   4.4683   0.5383 
  DB STEP 170   LABELS   0.2554  -2.1733 
 0.6638   0.7381   0.5903   1.1832   0.9571   0.8757   0.3611   3.6382   12.1439   34.5104   2.4846   1.7486   1.9078   2.2583   11.4772   2.8650   1.2814   0.7606   0.3760   0.6274   0.5531   0.5293   0.7385   0.8272   4.3614   0.4892 
  DB STEP 171   LABELS   1.2836  15.2941 
 0.5104   0.6087   0.8633   0.9472   1.6360   5.0376   5.8550   30.3343   7.4480   1.9027   1.3286   1.5541   1.8743   1.6054   3.2992   2.0120   1.2860   0.7562   0.7131   0.6664   0.6496   0.4050   0.3555   0.4011   4.2339   0.3590 
  DB STEP 172   LABELS   7.2268  0.0000 
 0.8989   0.9596   0.9944   1.1430   3.4299   4.6565   2.4759   23.4797   1.9874   1.4047   1.1122   1.4229   1.4780   1.6264   3.7393   2.1116   1.5195   1.0680   0.6991   0.6690   0.6363   0.7353   0.6434   0.4876   4.1748   0.3152 
  DB STEP 173   LABELS   6.9694  2.0453 
 16.0466   4.0437   1.1954   0.9598   1.1594   1.2256   1.0040   0.7832   0.8813   0.9825   2.8507   4.8542   8.3616   1.7447   11.2141   1.8687   1.1412   1.0192   1.3575   1.1882   2.6943   1.0414   1.7808   1.5392   4.0390   0.6233 
  DB STEP 174   LABELS   6.0464  -2.2373 
 22.1531   0.5794   0.9226   1.1420   1.1714   0.8817   0.6558   0.7406   0.7363   1.0104   3.1286   4.6865   3.0719   1.5495   1.5552   1.6928   1.5087   1.0317   1.4963   1.4225   1.0727   1.5347   1.0881   1.7576   3.7945   0.6146 
  DB STEP 175   LABELS   7.5252  0.0000 
 2.5219   4.8407   19.5031   1.1892   1.1410   0.6265   0.5312   0.5860   0.5007   0.5476   0.7035   2.0287   3.0013   4.4995   2.7677   1.4554   1.3358   1.3295   1.5394   1.3376   1.7881   1.3167   1.3833   0.9875   3.5392   0.7487 
  DB STEP 176   LABELS   6.1199  6.7936 
 0.6639   0.8899   0.6423   0.6967   0.5037   0.5170   0.4236   0.4743   0.5426   0.7051   2.7576   3.2631   4.0945   2.6432   1.3058   1.2369   1.2617   1.5203   1.4421   1.6125   1.4714   1.4961   1.3293   1.1441   3.3904   0.6746 
  DB STEP 177   LABELS   -0.5054  25.8058 
 0.6161   0.5502   0.4660   0.6357   0.6049   0.5207   0.4732   0.5543   2.0515   2.5213   2.8955   4.1462   2.4674   1.6716   0.9343   1.0801   1.0588   1.4555   1.4031   1.1763   1.4309   1.3079   1.3060   1.1469   3.2160   0.6214 
  DB STEP 178   LABELS   7.2002  2.2696 
 0.5400   0.7771   0.7761   0.7755   0.7656   0.5514   0.8333   2.4167   2.4202   2.4075   2.8661   3.9392   2.2668   1.8527   0.7858   0.7884   0.9906   0.9298   1.3270   1.2736   1.2628   1.3570   1.3330   1.6193   3.0343   0.6134 
  DB STEP 179   LABELS   7.2190  0.0000 
 0.9098   0.8351   0.8108   0.5992   2.0318   3.0136   2.4617   2.2233   2.3611   2.1068   2.9132   3.7479   2.1173   1.9065   0.8220   0.5664   0.6530   0.9052   0.9996   1.0008   1.2585   1.4217   1.2795   1.7328   2.7575   0.5999 
  DB STEP 180   LABELS   7.3218  -2.3079 
 1.0119   0.6923   0.9729   2.4284   3.5974   2.6723   2.2338   2.0626   2.2110   1.8619   2.9743   3.5277   1.9247   1.6810   1.2480   0.5372   0.4422   0.5175   0.8218   0.9309   0.9915   1.2780   1.5489   1.3150   2.5749   0.5871 
  DB STEP 181   LABELS   7.8819  2.3131 
 0.8933   1.3230   1.8343   4.7298   3.3533   2.3354   2.0231   1.9935   1.9394   4.4372   3.0222   3.3202   1.6911   1.4859   1.4827   1.0456   0.4124   0.3742   0.3535   0.3423   0.8287   1.2421   1.1937   1.6210   2.2984   0.5693 
  DB STEP 182   LABELS   7.8642  2.3079 
 2.6040   1.2625   0.5849   0.6991   0.6103   1.2827   0.9253   1.2500   2.9400   4.3118   2.9605   1.9810   1.6907   1.5134   1.4893   1.5524   1.4141   2.7230   3.2277   2.9530   1.6933   1.6264   27.2997   1.0732   2.1786   1.2839 
  DB STEP 183   LABELS   7.5674  0.0000 
 1.0375   0.9926   0.8941   1.0942   1.3821   0.7799   1.1395   1.8261   3.7233   3.6243   2.5089   1.7524   1.4909   1.3141   1.3390   1.4370   1.2498   1.5535   3.2856   3.2142   2.1955   1.5853   19.3022   5.4777   2.0987   1.4035 
  DB STEP 184   LABELS   7.5930  0.0000 
 1.1907   1.0580   1.3228   1.2270   0.7681   1.1130   1.3789   2.1906   4.0995   2.9818   2.0741   1.5431   1.2965   1.1451   1.1878   1.1189   1.3045   1.1789   1.7470   3.1240   2.8070   1.8110   1.6152   1.9933   2.0645   1.4910 
  DB STEP 185   LABELS   7.4917  0.0000 
 1.2536   1.2303   0.9479   1.1220   1.0955   1.2367   1.5596   2.6581   4.1128   2.7651   1.6622   1.3098   1.0990   0.9837   0.9287   1.0999   1.0250   1.0879   1.0726   2.0205   3.2190   2.1579   1.7246   2.0113   2.0457   1.5795 
  DB STEP 186   LABELS   7.5589  0.0000 
 1.2620   1.0394   1.1770   1.1126   1.1523   1.3870   2.1540   3.0127   3.2631   2.6400   1.2716   1.0640   0.9013   0.8263   0.7269   0.8446   0.9472   0.8459   0.9564   0.9752   2.2184   2.7565   2.0049   2.0132   2.0468   1.7086 
  DB STEP 187   LABELS   7.4339  0.0000 
 1.9757   1.1178   1.1507   1.2764   0.9429   0.8571   0.7244   0.8167   1.0162   0.9459   1.8985   2.1046   4.0915   3.4888   1.8345   1.2467   0.8793   0.8835   0.7850   0.7474   0.8087   0.7955   0.8963   1.0010   1.7139   2.9035 
  DB STEP 188   LABELS   4.9303  2.2084 
 1.3383   1.4030   1.0614   0.8692   0.6940   0.6964   0.8997   0.8223   0.7861   1.5570   1.6946   2.2535   4.2123   2.7530   1.6923   1.2699   0.7994   0.7098   0.7591   0.7033   0.6721   0.7721   0.8122   0.8965   1.9054   2.9122 
  DB STEP 189   LABELS   -1.4317  -2.4369 
 1.6055   1.0558   0.8377   0.6784   0.6668   0.9165   0.7327   0.6689   0.8720   1.6652   1.7358   2.2260   4.0933   5.0377   1.2703   1.3069   0.8775   0.6735   0.6334   0.7079   0.6801   0.6847   0.7933   0.8955   2.0756   2.8963 
  DB STEP 190   LABELS   7.1729  0.0000 
 1.1553   0.7970   0.6818   0.7025   0.9875   0.5650   0.5817   0.7189   1.5123   1.3679   1.9548   2.0947   4.0765   2.2977   1.4338   1.0656   1.1797   0.7213   0.6177   0.5731   0.6511   0.6994   0.7368   0.8391   2.2242   2.8909 
  DB STEP 191   LABELS   7.1763  -2.2620 
 0.9184   0.6168   0.6013   0.6179   1.3628   1.2285   1.1397   2.1963   1.5708   1.7550   0.6571   0.6566   0.6847   1.6801   1.1493   0.9627   0.6078   0.5101   0.4902   0.4872   0.5781   0.7180   0.8117   1.1045   2.4665   2.7460 
  DB STEP 192   LABELS   -1.8982  2.3079 
 0.7290   0.9936   1.0279   1.1071   1.1837   1.4491   2.2588   1.3540   1.6096   2.5252   3.4251   2.1785   1.0952   0.7180   0.5670   0.5453   0.7072   0.6938   0.6716   0.5316   0.4126   0.4393   0.4885   0.6372   2.7842   2.7684 
  DB STEP 193   LABELS   -2.6175  0.0000 
 2.7178   1.2958   0.7498   0.5591   1.1023   1.1579   1.0816   0.9093   1.0593   1.0004   6.8844   8.6734   0.8922   0.8816   1.4872   2.8731   3.0707   2.6077   1.5375   1.1163   1.5301   6.5246   0.6772   0.6482   3.1725   3.2767 
  DB STEP 194   LABELS   5.0389  2.2571 
 1.1504   0.8430   1.0096   1.0296   1.3000   1.9001   0.6569   0.8665   1.0513   1.8194   2.8600   3.1216   0.8812   0.7967   1.2768   1.4450   1.1618   0.6591   0.5982   0.5943   0.7390   0.9757   0.9206   0.8998   3.3032   2.7808 
  DB STEP 195   LABELS   3.3880  -2.2180 
 0.9226   1.1193   1.0561   1.0445   0.9474   1.0370   0.8202   0.8260   1.1898   1.7705   2.7894   2.9173   1.4269   0.9034   0.8639   1.1172   1.4331   1.0163   0.7046   0.5615   0.5728   0.6095   1.0060   0.9818   3.4490   2.7955 
  DB STEP 196   LABELS   2.7313  0.0000 
 1.4013   0.9764   1.0912   1.1293   0.5964   1.9411   1.0317   0.7589   0.7984   1.1630   1.7078   2.8956   2.7384   2.3117   1.2710   1.1897   1.1285   1.2384   1.1590   0.9268   0.5951   0.5519   0.5751   0.7360   3.5495   2.7846 
  DB STEP 197   LABELS   -0.5467  18.6099 
 1.1189   1.1017   1.3866   0.7092   0.4685   0.4581   0.4615   0.4820   0.8596   0.9023   0.7945   1.1258   3.3823   3.8720   4.1564   5.7617   1.6741   1.0172   0.9512   1.3033   1.3632   1.0376   1.1755   1.1674   6.3162   1.4593 
  DB STEP 198   LABELS   5.6359  0.0000 
 1.2340   0.8438   0.4535   0.4129   0.3945   0.4088   0.6841   0.7207   0.7521   0.6067   0.6672   1.2733   3.5361   6.5347   3.8281   3.8197   2.4719   1.1388   0.9031   0.8824   1.3326   1.4148   1.1510   1.1921   6.1653   1.4459 
  DB STEP 199   LABELS   6.6075  -2.0827 
 0.5032   0.6297   0.6662   0.6368   0.6220   0.3721   0.3811   0.4207   0.4828   0.7855   1.8264   3.3981   3.5887   3.5095   3.9167   2.8449   1.3431   1.0462   0.8425   0.7659   1.1133   0.9016   1.4624   1.2742   5.8262   1.3941 
  DB STEP 200   LABELS   7.5759  0.0000 
 0.7615   0.6868   0.3611   0.3381   0.3322   0.3360   0.3510   0.3881   0.6757   0.9031   2.3218   3.1142   3.4399   3.3356   3.6335   2.6087   7.8060   0.9741   0.9667   0.8405   0.7623   1.0509   1.4371   1.0827   5.7272   3.3778 
  DB STEP 201   LABELS   6.8872  0.0000 
 0.3507   0.3342   0.3284   0.3295   0.3421   0.4722   0.6529   0.8300   1.8397   3.1561   3.2039   3.4562   14.9815   9.4524   2.4108   1.3000   0.8907   0.9869   0.7779   0.7623   1.2541   1.3665   1.2246   1.9014   5.6138   3.3483 
  DB STEP 202   LABELS   -0.5107  26.0795 
 0.5194   0.5722   0.5687   0.5959   0.6635   0.8393   1.2309   4.4026   2.8389   2.6843   3.0297   2.8952   8.3625   2.9280   2.5100   2.0870   1.2492   0.7090   0.6776   0.9145   0.7468   0.7415   1.1697   1.5307   5.4794   3.2919 
  DB STEP 203   LABELS   7.5930  0.0000 
 0.6682   0.6336   0.6572   0.7757   0.8190   1.1638   1.3431   2.7722   2.5550   2.5728   2.8904   5.2697   5.5415   2.8885   10.7446   1.9464   1.4527   1.0441   0.6935   0.6287   0.7215   0.8554   0.7700   1.1953   5.3770   3.2434 
  DB STEP 204   LABELS   7.3932  0.0000 
 0.7758   0.7161   0.6837   0.7962   0.7982   0.8452   1.3723   1.2620   2.9258   2.4583   2.4710   2.8123   2.6865   2.4774   3.0786   2.7832   2.8114   1.7018   1.2372   0.9552   0.7284   0.6144   0.6407   0.8584   5.3308   3.2305 
  DB STEP 205   LABELS   0.0000  -26.4725 
 0.8163   0.7271   0.7983   0.7815   0.7842   1.0830   1.2026   1.2944   3.2235   2.3036   2.2464   2.4132   5.4187   1.9479   5.4978   3.0677   2.2596   1.5898   1.0733   1.2531   0.9794   0.8634   0.7027   0.6991   5.2488   3.2108 
  DB STEP 206   LABELS   8.5566  0.0000 
 0.9277   0.8429   0.8521   1.0737   0.9914   1.1424   1.2589   3.5586   2.3052   2.1319   1.9813   2.2098   2.3056   1.6518   10.5670   2.7647   2.4526   2.3833   1.3908   1.3029   0.8290   1.1467   0.9437   0.9215   5.0624   3.1531 
  DB STEP 207   LABELS   7.3051  0.0000 
 0.9391   0.9328   1.1036   1.0673   1.1335   1.1137   2.7814   3.1542   1.8507   1.8888   1.8935   2.0328   2.1519   1.4076   22.2960   2.4575   2.8343   2.5043   1.7084   1.3593   1.2523   0.8919   0.9726   1.0318   4.9745   3.1209 
  DB STEP 208   LABELS   9.5504  0.0000 
 1.0280   1.0885   1.2000   1.0885   1.1143   2.4038   3.1946   2.3867   1.6840   1.6139   1.7116   1.9297   1.9812   1.2074   1.7632   2.2886   2.6684   3.1038   2.4572   1.0866   1.3496   1.2344   1.1510   0.8874   4.8535   3.0700 
  DB STEP 209   LABELS   8.5783  0.0000 
 1.1305   1.2535   1.0869   1.1323   2.1874   3.0076   3.0044   1.5250   1.6451   1.4900   1.5346   1.7818   1.8338   1.0116   5.3633   2.0835   2.1431   2.9507   3.2361   2.7850   0.9690   1.2861   1.2633   1.1525   4.7828   3.0349 
  DB STEP 210   LABELS   9.5369  0.0000 
 1.3400   1.1417   1.1329   2.0498   2.9065   3.0083   1.6504   1.6598   5.2835   1.3839   1.2367   1.8636   1.5785   0.8105   0.8618   1.7474   2.0912   7.9757   3.2313   2.9700   2.1783   0.9438   1.3177   1.3888   4.7199   2.9988 
  DB STEP 211   LABELS   8.3344  0.0000 
 3.0849   1.6790   1.5195   1.3741   1.3475   1.2394   1.8880   1.3660   0.6940   0.7158   12.2087   1.7960   9.9793   5.6814   2.9090   2.7581   2.3960   1.0042   1.3703   1.3844   1.4154   1.0120   1.4892   2.3252   4.7695   2.8373 
  DB STEP 212   LABELS   5.5388  2.2447 
 1.5715   1.3044   1.5582   1.1875   1.6510   1.6269   0.5801   0.5817   0.6179   1.4806   1.6928   1.6266   9.2320   2.9308   2.6931   2.6404   1.7963   1.0322   1.1588   1.3780   1.4274   1.0465   1.9439   2.4758   4.8692   2.8085 
  DB STEP 213   LABELS   0.0000  -27.0549 
 1.5775   1.2850   0.9537   0.5584   0.5217   0.7378   1.3749   1.4006   1.4743   1.4256   8.8231   2.9179   2.4466   2.3978   2.6484   1.1891   1.0694   1.0058   1.0747   1.4631   1.3032   1.7359   2.8367   2.7524   5.0319   2.6695 
  DB STEP 214   LABELS   7.6491  -2.4111 
 1.1885   0.6060   0.5337   0.7056   0.9346   2.0570   1.2536   1.5203   1.1777   1.5147   2.0300   2.7152   2.2308   2.2339   2.5611   1.5447   0.8641   0.9968   1.1944   1.1093   0.9877   1.1003   1.2427   2.5350   5.1951   2.6496 
  DB STEP 215   LABELS   7.2268  0.0000 
 0.6450   0.5728   0.8420   0.9261   1.0372   1.3636   1.4642   1.0758   1.0981   1.6033   2.1660   2.4520   2.0330   2.0581   2.1901   2.1465   1.0118   0.7181   0.9332   1.1114   1.2876   1.4560   0.7391   1.3856   5.4465   2.6243 
  DB STEP 216   LABELS   7.6740  2.2521 
 0.7272   0.9165   0.9523   1.7531   1.3143   1.3644   1.0238   0.9217   1.2041   1.6324   2.1830   2.1953   1.8353   1.8873   1.8642   2.8105   1.1005   0.8602   0.6997   0.7648   1.0033   0.8135   0.7762   1.1073   5.6138   2.6093 
  DB STEP 217   LABELS   7.0825  -2.2325 
 1.0058   0.9277   1.3134   1.3309   1.2459   0.9117   0.8093   0.8813   1.6577   1.4302   2.2555   1.9412   1.6332   1.7268   1.5673   6.6126   5.9023   0.9189   0.7849   0.8667   0.6895   0.8158   0.7540   0.7325   5.7826   2.5938 
  DB STEP 218   LABELS   7.9794  0.0000 
 1.0562   1.3164   1.4139   1.0560   0.8437   0.7415   0.7777   1.7140   1.2501   1.5033   2.0478   1.6516   1.4324   1.5413   1.3658   2.0738   13.6323   1.3366   0.8346   0.7815   0.9742   0.6715   0.8046   0.8596   6.0421   2.5723 
  DB STEP 219   LABELS   7.4421  0.0000 
 1.3542   1.4904   0.8695   0.7118   0.7027   0.8575   1.6674   1.1576   1.1370   1.6928   1.7603   1.3838   1.2318   1.3274   1.2527   1.4497   20.1038   3.2954   0.8746   0.7968   0.7453   0.7625   0.7349   0.9936   6.2145   2.5570 
  DB STEP 220   LABELS   7.4450  2.1849 
 1.5273   0.8063   0.7172   0.6820   1.4036   1.6189   1.1403   1.0810   1.1957   1.6244   1.4574   1.1430   1.0320   1.0907   1.1817   0.9971   26.1223   3.1146   20.2588   1.1189   1.0389   1.1409   1.2754   0.8204   6.4795   2.5403 
  DB STEP 221   LABELS   7.3770  0.0000 
 0.8854   0.7508   0.7359   1.2584   1.2912   1.4469   1.0264   0.8028   1.6157   1.4134   1.2071   0.8829   0.8284   0.8668   1.0311   0.8829   6.3614   10.8933   5.6410   17.0592   1.4370   1.0985   1.5920   1.2443   6.6095   2.5323 
  DB STEP 222   LABELS   9.4170  0.0000 
 0.7893   1.2710   0.9542   1.4719   0.9589   0.7673   1.5679   1.3709   1.1790   0.8705   0.7455   0.7612   0.8641   0.9607   0.7753   1.4337   3.1911   11.2699   3.5870   1.1061   1.1690   1.6305   1.0857   1.1476   6.7610   2.4235 
  DB STEP 223   LABELS   -0.6135  26.1072 
 1.5457   1.2752   0.7810   0.7379   0.7146   0.8201   0.7094   0.5680   0.6278   32.9591   3.0314   14.6772   4.6346   2.1009   0.7207   0.5678   0.6072   0.6774   0.7964   1.0681   1.2958   3.2646   3.1666   2.5237   6.8569   1.9455 
  DB STEP 224   LABELS   7.6187  0.0000 
 1.4958   0.8317   0.7661   0.7197   0.7706   0.4760   0.4504   0.5492   1.5307   28.9548   2.8625   14.4807   4.2632   2.4314   1.6874   0.5297   0.4070   0.4517   0.5263   0.7017   0.9871   1.5868   2.9138   2.8349   6.9903   1.9996 
  DB STEP 225   LABELS   2.0025  -38.3466 
 2.1347   1.0702   0.7907   0.6916   0.3966   0.3339   0.3100   0.5671   0.9049   1.6138   27.4837   2.5561   2.2995   12.1738   11.1996   1.8018   1.6933   1.6201   0.9643   0.6577   0.3473   0.6104   0.8753   1.5480   7.1204   2.1440 
  DB STEP 226   LABELS   8.2614  2.6041 
 1.5052   0.6501   0.2853   0.3927   0.6070   0.5223   0.4334   0.9434   0.7745   1.4847   20.5540   2.3946   2.0917   5.1170   12.4613   4.9219   1.7747   1.5881   1.4903   1.3504   0.7367   1.1031   0.8119   0.7327   7.2588   2.1600 
  DB STEP 227   LABELS   7.5930  0.0000 
 0.5072   0.7629   0.6276   0.3450   0.5175   0.6202   0.6331   0.8482   1.2542   1.6270   1.3266   2.3715   1.8826   2.2222   4.7435   3.7174   1.5248   1.4720   1.6087   1.2636   1.3695   0.7654   0.9230   1.0928   7.3990   2.1704 
  DB STEP 228   LABELS   7.2579  0.0000 
 0.6909   0.6308   0.6012   1.2035   1.3179   0.9969   1.1169   1.2999   1.6093   2.0689   1.5313   1.8417   3.6468   5.3034   1.6979   1.2239   1.2453   1.6060   1.4983   1.1026   1.2149   1.2128   0.7511   1.0385   7.5880   2.0553 
  DB STEP 229   LABELS   7.6740  2.2521 
 0.6535   0.6893   1.2390   1.3273   0.9352   0.8516   1.5246   1.1551   1.8240   1.7639   1.3204   1.7304   3.5843   4.9840   2.7399   0.8581   1.1279   1.1564   1.6069   1.4375   0.9812   1.2102   1.2031   0.7416   7.7440   2.0835 
  DB STEP 230   LABELS   7.4094  0.0000 
 1.9043   1.6847   1.3447   14.0130   4.1043   3.7597   0.8034   0.7820   5.2271   0.9608   1.3614   0.5896   0.5173   0.4935   0.4933   0.8435   0.7440   5.6536   8.0014   1.8776   2.6175   2.5008   18.1402   0.9259   7.6713   1.4002 
  DB STEP 231   LABELS   -0.2643  2.2496 
 1.2565   1.1212   0.6545   0.4451   0.3677   0.3751   0.5917   1.2513   0.6996   0.7357   1.4708   41.3245   4.9590   1.3740   2.1747   2.7277   17.6771   2.6260   0.8410   0.9993   0.7914   0.8760   0.8153   1.2637   6.8238   0.2685 
  DB STEP 232   LABELS   7.2761  2.9488 
 1.3446   0.6980   0.3985   0.3605   0.4326   0.5717   0.8521   0.5197   0.6096   0.8464   1.9125   21.8516   0.3955   0.5088   2.1444   2.1664   2.7110   6.9441   1.4037   0.7433   0.8050   0.7958   0.9008   0.9538   6.7671   0.2475 
  DB STEP 233   LABELS   -2.3044  0.0000 
 0.6706   0.8907   0.6139   0.9769   0.9930   2.5616   10.2287   15.9240   6.4346   1.9124   2.4425   12.8745   8.5912   1.0719   0.7304   0.8290   0.5236   0.7030   0.6962   0.6968   1.4193   1.2286   2.8275   4.4204   6.9225   2.1930 
  DB STEP 234   LABELS   7.5414  -2.2132 
 0.6830   0.8404   0.7425   1.3774   0.9890   0.8925   1.7145   34.6974   17.1915   2.3714   1.8008   2.2462   6.1638   13.6562   1.7767   0.4340   0.7107   0.6890   0.4720   0.5928   0.6689   0.6677   1.2818   1.5003   7.0049   2.1762 
  DB STEP 235   LABELS   1.0562  -22.4716 
 0.8083   0.6845   1.2013   0.9086   0.4863   1.0410   4.0602   2.8506   19.8222   2.4755   1.7990   1.7050   2.0677   11.2763   13.5967   1.7505   0.8875   0.4479   0.2999   0.4569   0.5102   0.4376   0.6773   0.7792   7.0529   0.1551 
  DB STEP 236   LABELS   6.6891  -2.1084 
 0.6730   0.3665   0.7168   0.9243   1.0213   3.8253   3.9283   26.5681   26.3465   2.1947   1.4784   1.5471   2.0265   1.6973   4.7660   2.0605   1.1074   0.7763   0.6669   0.5686   0.3489   0.2895   0.3122   0.4954   7.0938   0.1361 
  DB STEP 237   LABELS   7.4503  0.0000 
 0.5398   0.7300   1.0066   0.9029   1.0530   2.6928   4.7687   5.3914   31.6556   2.0806   1.6175   1.2543   1.5175   1.7930   1.4306   1.9940   1.9267   1.2886   0.7317   0.6890   0.6235   0.7151   0.4778   0.3916   7.1708   0.1064 
  DB STEP 238   LABELS   2.9497  -25.1041 
 23.9407   1.7257   0.4630   0.6282   0.5746   1.0419   0.9146   0.6799   0.6518   0.7591   0.9991   4.0023   3.8374   2.5374   11.2350   1.7695   1.8526   1.2312   1.6192   1.5901   4.8300   1.6096   1.6924   1.7687   6.9817   0.2708 
  DB STEP 239   LABELS   7.0902  2.2349 
 0.4755   0.4528   0.5810   0.6497   0.7609   0.8568   0.5448   0.5324   0.6233   0.6225   1.4065   3.9605   3.6306   2.5608   1.5811   1.6331   1.8822   1.4053   1.3959   1.6258   1.3730   1.9628   1.2735   1.9147   6.8543   0.2510 
  DB STEP 240   LABELS   3.7459  0.0000 
 0.4799   0.4670   0.5156   0.6088   0.6745   0.4811   0.4727   0.5238   0.5320   0.5718   1.5222   3.8194   3.6267   2.6652   1.4565   1.5300   1.7302   1.6080   1.2744   1.4854   1.5261   1.2325   1.4226   1.7214   6.7672   0.2373 
  DB STEP 241   LABELS   -1.8312  0.0000 
 0.5160   0.5483   0.6293   0.5382   0.4487   0.4096   0.4712   0.4100   0.4215   0.5620   1.7094   3.5791   3.7159   2.7817   1.3387   1.4244   1.4319   1.7367   1.3774   1.9334   1.5582   1.4673   1.1493   1.3493   6.6621   0.2199 
  DB STEP 242   LABELS   7.5824  -2.2252 
 0.5054   0.4301   0.5941   0.6747   0.5283   0.4535   0.4848   1.3264   2.5071   2.6996   4.1461   2.2194   2.3067   0.9709   1.0677   1.1412   1.3956   1.4966   1.2742   1.5051   1.3409   1.3936   1.1954   1.7620   6.4928   0.1095 
  DB STEP 243   LABELS   8.3967  0.0000 
 7.7801   0.8849   0.7848   0.7754   0.5757   0.5990   2.4302   2.3855   2.3574   2.8382   3.6935   1.9514   2.1859   0.7985   0.8025   1.0034   0.9327   1.4142   1.3325   1.2417   1.4171   1.3538   1.6120   1.3264   6.4185   0.0807 
  DB STEP 244   LABELS   8.3863  0.0000 
 0.7175   18.9398   0.8283   0.7711   0.5765   0.4206   2.4864   2.4417   2.2463   2.1836   2.1182   3.3715   2.9917   1.8525   1.9404   0.7122   0.6256   0.8436   0.9465   1.0040   1.2878   1.3580   1.2367   1.6161   6.3196   0.1431 
  DB STEP 245   LABELS   1.5965  -4.5291 
 0.9842   0.8632   0.6239   0.7917   2.6669   3.4850   2.5297   2.1914   2.0766   2.2094   1.9357   3.3398   2.7905   1.7145   2.0856   0.9867   0.5732   0.4884   0.7666   0.9561   1.1498   1.1917   1.5996   1.3480   6.2216   0.1223 
  DB STEP 246   LABELS   8.5566  0.0000 
 0.8532   0.7213   1.0313   2.1151   5.2572   3.0983   2.2920   2.0024   1.9799   1.9638   1.7591   3.1003   2.9370   1.7534   1.9047   1.4198   1.3127   0.4913   0.4521   0.4225   1.0094   1.3000   1.1112   1.7506   6.1102   0.0965 
  DB STEP 247   LABELS   7.4176  0.0000 
 1.0522   1.0201   0.6175   0.7310   1.1337   3.0112   7.6591   3.1360   2.2224   1.9157   1.9380   1.8661   1.6728   3.0219   3.1227   1.5633   2.2189   9.9738   1.9016   1.2351   0.5016   0.4596   0.4516   1.4310   6.0221   0.2131 
  DB STEP 248   LABELS   6.6535  0.0000 
 1.1550   0.6850   0.8279   1.1809   1.1036   3.5843   5.0085   2.9640   2.0979   1.7920   1.7722   1.7427   1.5160   2.4542   3.2106   2.3732   1.5489   6.2664   27.3420   1.6680   1.7407   0.5308   0.5093   0.5084   5.9150   0.2064 
  DB STEP 249   LABELS   6.9021  -2.1756 
 1.0310   0.9598   1.4658   1.1388   2.2510   4.7254   9.2289   2.3037   1.7862   1.5520   1.4998   1.5030   1.3235   2.0737   3.0323   2.9156   1.7320   17.7940   15.1188   5.9416   1.1191   1.7554   1.2470   0.6081   5.7607   0.1854 
  DB STEP 250   LABELS   6.9538  2.1919 
 1.3860   1.5780   1.2685   1.8113   3.1164   5.3581   8.0707   1.8178   1.4943   1.3200   1.3674   1.2465   1.1390   1.8344   2.8678   2.9257   1.9588   4.4736   1.5676   8.5120   1.7891   0.9223   1.7180   1.1680   5.6092   0.1656 
  DB STEP 251   LABELS   7.2657  0.0000 
 1.4955   1.9465   3.5061   8.0607   5.1952   1.7110   1.3761   1.2808   1.4579   1.1023   1.0511   1.7657   2.7801   2.8320   1.8822   1.4256   1.3501   1.6781   1.8577   1.5719   1.5175   1.6941   0.7952   0.7749   5.5180   0.0160 
  DB STEP 252   LABELS   6.4387  2.1919 
 1.6936   2.4182   3.8097   10.3199   2.1687   1.5192   1.2586   1.1859   1.2083   0.9461   0.9110   1.7258   2.6623   2.7108   2.3342   1.2969   21.6959   1.4261   1.7231   2.0090   1.0778   1.6264   4.1042   0.7973   5.4587   0.0036 
  DB STEP 253   LABELS   7.9353  0.0000 
 1.9929   2.9298   4.8098   6.4176   1.6145   1.1738   1.0862   1.0686   0.7600   0.7664   0.7134   1.7351   2.4631   2.5068   2.5943   1.1217   1.8576   1.0508   1.4541   1.8262   1.9358   3.6307   1.3480   1.1930   5.3696   0.0349 
  DB STEP 254   LABELS   7.6015  0.0000 
 2.4465   3.4291   5.4991   4.5200   1.1192   1.0834   0.9122   0.6080   0.6127   0.4965   0.6582   1.7312   2.2655   2.3034   2.4030   1.7434   0.8536   2.2768   1.1329   1.6290   1.7739   7.2515   0.9276   0.9885   5.2839   0.0691 
  DB STEP 255   LABELS   8.5133  0.0000 
 2.8701   4.0943   3.8963   1.0513   1.0795   0.5960   0.5158   0.3895   10.0390   0.4004   0.6749   1.7988   2.0661   2.1013   2.2117   2.1149   1.1173   1.7217   1.0212   1.0449   1.8279   1.7404   12.5200   1.0139   5.1740   0.1190 
  DB STEP 256   LABELS   7.0980  2.2373 
 0.3336   0.3285   0.3382   0.3522   0.3682   0.4389   0.4982   0.7835   2.9982   1.6259   1.6653   1.6798   1.7952   1.8523   2.0412   0.7896   0.8137   1.7220   1.4411   1.2259   0.5156   1.2375   1.7398   1.1900   5.1342   0.2934 
  DB STEP 257   LABELS   8.2197  -2.5909 
 0.4241   0.4127   0.4137   0.4350   0.4520   0.5167   1.1513   4.7420   1.6046   1.4451   1.5269   1.4882   1.5991   1.6329   1.9258   24.4781   0.6330   0.6536   1.5057   1.4514   1.3247   0.7409   1.7439   1.3762   5.1414   0.3226 
  DB STEP 258   LABELS   7.4013  0.0000 
 0.5058   0.4704   0.4790   0.5039   0.5475   2.4996   16.6883   3.2423   1.2969   1.3951   1.2626   1.3007   1.4010   1.4127   1.6606   26.3220   1.9724   0.5153   0.5253   0.8559   1.6017   5.4036   0.8563   1.5232   5.1672   0.3777 
  DB STEP 259   LABELS   8.4919  0.0000 
 0.5597   0.5485   0.5631   2.0084   3.5111   24.1905   3.3365   1.1852   1.1015   1.1845   1.0789   1.1170   1.2048   1.2050   1.4054   17.9950   9.5694   5.8673   0.4849   0.4404   0.4874   10.9300   8.0314   0.9253   5.1956   0.4177 
  DB STEP 260   LABELS   8.6002  0.0000 
 0.6418   0.8775   2.6926   3.9664   3.2070   25.5392   1.4739   0.9776   0.9839   0.8904   0.8906   0.9261   0.9992   1.0081   1.1363   1.4695   21.3930   5.1703   4.5748   1.1365   0.4660   0.4299   0.5181   1.1375   5.2324   0.4538 
  DB STEP 261   LABELS   6.6008  -2.0806 
 1.0800   2.1591   5.5708   3.6444   18.8588   5.3061   0.8571   0.7919   0.7444   0.7032   0.6968   0.7291   0.7905   0.8290   0.8401   1.1121   7.1959   4.1657   5.6603   2.1260   7.4170   3.5663   0.5129   0.5052   5.3024   0.5058 
  DB STEP 262   LABELS   7.0138  -2.2108 
 1.2686   4.7272   5.0421   3.4440   1.6682   0.7954   0.6889   0.6319   0.5745   0.5515   0.5506   0.5732   0.6237   0.6882   0.6369   0.8163   3.9593   3.3559   5.8339   3.0672   1.4715   20.6361   0.9177   0.6008   5.3570   0.5404 
  DB STEP 263   LABELS   -1.5808  0.0000 
 3.5683   6.3082   1.0250   0.4677   0.4013   0.4530   1.0015   1.2623   1.2331   0.8394   3.3164   3.3686   2.9287   2.5490   0.9047   0.7765   0.6957   0.6649   0.7626   1.3221   3.1561   2.8012   2.8197   1.4465   2.3217   2.1289 
  DB STEP 264   LABELS   7.4768  -2.1942 
 3.9935   0.4877   0.4142   0.4482   1.1104   1.3544   1.0997   0.6886   0.7260   1.0193   4.8311   2.8695   2.9209   3.1651   0.7970   0.6918   0.6170   0.5840   0.5789   0.5874   1.5615   3.0034   2.8377   2.6582   2.4808   2.1636 
  DB STEP 265   LABELS   7.2423  0.0000 
 0.5960   1.1556   1.5870   1.0411   0.5668   0.6607   0.5222   3.0255   4.6187   3.3090   2.4931   2.7648   1.9837   0.5897   0.5242   0.5032   0.4947   0.4792   0.4963   0.5406   1.9360   3.0122   2.5836   1.3869   2.6726   2.0646 
  DB STEP 266   LABELS   -1.8483  2.2472 
 0.5703   0.6238   1.1276   1.4999   1.1667   0.5121   0.9071   0.4354   1.1939   3.8001   4.4098   2.8291   2.7954   2.8031   2.8465   0.5437   0.4937   0.4665   0.4575   0.4713   0.4633   0.5076   0.5774   2.5149   2.7652   2.2198 
  DB STEP 267   LABELS   -1.8667  2.2696 
 0.6578   1.1107   1.2139   1.1245   0.5167   0.5887   0.3800   0.6442   1.4550   7.3725   4.2322   3.2646   2.4451   2.4130   2.7649   3.5629   7.0049   0.4198   0.4104   0.4126   0.4165   0.4514   0.4855   0.5803   2.9134   2.2608 
  DB STEP 268   LABELS   7.6446  0.0000 
 1.0743   0.8890   0.3686   0.4272   0.9827   0.6232   1.0013   1.4354   1.4435   5.1796   4.0405   3.0462   2.3766   2.4244   2.4309   3.0403   4.2175   1.6552   0.5126   0.3587   0.3573   0.3932   0.4394   0.5271   3.0462   2.2791 
  DB STEP 269   LABELS   7.1350  0.0000 
 1.0116   0.3837   0.5692   1.1134   0.6865   0.6107   1.6720   1.4777   1.3965   4.0206   3.9654   2.8953   2.0589   2.3602   2.3563   2.8640   3.9390   3.2922   0.9876   0.5039   0.3383   0.3611   0.4130   0.4878   3.1976   2.2935 
  DB STEP 270   LABELS   0.0000  0.0000 
 0.9995   0.8010   0.8073   1.2171   1.7125   4.1661   3.9598   1.3793   3.3972   3.7400   3.5645   1.5530   2.0799   1.7902   2.2166   2.9351   4.1202   4.2881   1.2313   1.1338   0.7767   0.5789   0.4732   0.4050   3.4041   2.3201 
  DB STEP 271   LABELS   5.5013  -4.2563 
 0.9016   1.1528   1.2224   1.5337   1.6710   8.0205   1.0809   4.7895   6.3548   3.5313   2.7630   1.3563   1.9203   1.9267   1.8896   2.3474   3.5516   5.4343   2.0302   1.1938   0.9865   0.9907   0.6586   0.6580   3.6481   2.3398 
  DB STEP 272   LABELS   7.5930  0.0000 
 1.1203   1.1154   0.8703   1.2247   1.0970   1.1698   1.2854   1.6793   1.2387   0.7315   0.7674   1.5475   2.6453   3.3652   3.1382   2.8629   1.4485   1.7228   1.7101   1.3579   1.8857   2.4869   2.8212   2.4415   3.9357   2.6294 
  DB STEP 273   LABELS   7.3136  -2.3053 
 1.3334   1.0243   1.5296   1.5807   0.8563   0.5175   0.5337   0.9669   1.4522   1.6088   7.9082   2.9813   2.7570   2.8625   2.0934   1.1318   1.4579   1.6195   1.5537   1.5425   2.4863   2.8031   2.4772   2.0311   4.3528   2.4904 
  DB STEP 274   LABELS   7.0753  2.0764 
 1.1445   1.4492   0.8865   0.4880   0.4663   0.5069   1.4248   1.3934   1.4215   4.3430   2.5768   2.7341   2.5632   2.5585   2.0480   1.0996   1.1346   1.1395   1.5494   1.3839   1.8283   2.7488   2.7465   2.2806   4.6297   2.4833 
  DB STEP 275   LABELS   7.5009  2.2013 
 0.9935   0.5117   0.4782   0.5370   0.8991   1.5452   1.2714   1.4240   1.2447   1.7357   2.6139   2.4771   2.3694   2.3060   2.3076   1.0530   1.0341   1.2760   0.8569   1.4679   1.2645   1.7354   2.7763   2.5399   4.8128   2.4777 
  DB STEP 276   LABELS   7.5505  0.0000 
 0.5651   0.5133   0.8675   0.9096   1.8646   1.3728   1.4613   1.0686   1.1949   1.6960   2.6073   2.2373   2.1735   2.1032   2.5987   1.1840   0.8092   0.9589   1.1752   1.3013   1.1082   0.9435   1.1410   2.4938   4.9953   2.4732 
  DB STEP 277   LABELS   6.8592  0.0000 
 0.6886   0.9162   0.9542   1.2116   1.3255   1.4227   0.9631   1.0028   1.4548   1.7108   2.4863   2.0027   1.9739   1.8561   2.6489   1.4904   0.9278   0.7077   0.8510   1.0814   1.1758   1.2541   0.9464   1.2697   5.2717   2.4683 
  DB STEP 278   LABELS   7.0825  0.0000 
 1.4236   1.2970   1.0644   0.7757   0.8091   1.2922   1.3115   1.6604   2.2225   1.7379   1.5670   1.6604   1.6568   10.8668   15.8743   3.1854   0.9688   0.8572   0.6519   0.8471   1.4175   0.7774   0.8555   1.4469   5.6200   2.3347 
  DB STEP 279   LABELS   0.0000  0.0000 
 1.4367   1.0323   0.8067   0.8129   1.2969   1.5522   1.3397   7.3668   1.9690   1.4702   1.3920   1.4741   1.3809   7.9229   6.9737   0.8614   0.7359   0.6658   0.7419   0.6694   0.7394   0.7076   0.8265   0.7926   5.7972   2.3446 
  DB STEP 280   LABELS   7.7494  2.4427 
 1.0396   0.8576   0.8502   1.6100   1.4089   1.3449   2.9730   1.9516   1.5377   1.2084   1.2256   1.2740   1.1018   3.4817   14.8432   2.3177   0.6916   0.6278   0.5954   0.5850   0.6127   0.5870   1.1794   0.8233   5.9806   2.3492 
  DB STEP 281   LABELS   7.0974  0.0000 
 0.9563   0.9408   1.9981   1.4130   1.3967   2.6293   1.9073   1.6648   1.0976   1.0243   1.0840   1.0024   0.8614   1.6430   19.9377   3.1144   11.2970   0.5867   0.5551   0.5457   0.5625   0.5968   0.6416   0.8984   6.1576   2.3541 
  DB STEP 282   LABELS   7.6101  0.0000 
 1.0223   1.5544   1.4616   1.5647   1.2229   2.0316   1.7117   1.0636   0.8580   0.8556   0.9663   0.7402   0.6516   1.0758   26.3764   3.0231   15.9953   7.8101   0.8190   0.5059   0.5445   0.6404   0.8975   0.7434   6.4206   2.3606 
  DB STEP 283   LABELS   8.6112  0.0000 
 2.1653   1.0927   0.8087   0.6942   0.4116   0.3400   0.3590   0.6349   1.2016   1.6059   24.7986   2.6338   2.2481   12.3816   7.0915   1.8207   1.5193   1.3480   0.8737   0.5501   0.3251   0.5381   0.8343   1.4420   6.7331   2.1052 
  DB STEP 284   LABELS   7.1729  0.0000 
 1.5822   0.7178   0.3208   0.3928   0.6268   0.5429   0.5077   0.8133   0.9311   1.5930   15.1164   2.4719   2.0329   7.9262   10.0860   1.9550   1.7600   1.4806   1.5407   1.2833   0.6751   1.1133   0.7779   0.6493   6.8562   2.1215 
  DB STEP 285   LABELS   7.4503  0.0000 
 0.6908   0.6730   1.2819   1.2647   1.5497   11.1068   2.3690   1.8319   19.7335   9.9399   15.1288   1.4141   1.3865   0.7823   0.5812   0.6536   0.7765   0.5507   0.6918   0.7538   1.5921   0.6288   2.3248   2.6126   6.9544   1.7244 
  DB STEP 286   LABELS   -0.2598  -2.2108 
 0.7475   1.4568   1.3480   1.3303   4.3265   2.1351   2.0100   12.5707   17.9326   6.5578   1.0808   1.3085   1.2260   0.6241   0.4711   0.4399   0.5832   0.6685   0.5185   0.5800   0.8516   2.3997   1.9152   1.2695   6.9392   1.7383 
  DB STEP 287   LABELS   7.3664  2.1618 
 0.8366   0.8930   0.8226   1.3759   1.5130   1.1730   1.5844   1.5394   2.1340   1.8097   17.8709   30.8773   10.3762   0.9207   0.9962   1.1607   1.0722   0.6109   0.4402   0.3858   0.3554   0.8629   1.0727   0.6160   6.9845   2.0612 
  DB STEP 288   LABELS   1.0811  0.0000 
 0.9649   0.8818   1.4106   1.4557   1.0255   1.6591   1.4245   1.8804   1.9077   1.3772   19.2542   2.6389   8.1805   1.1374   0.7069   1.0419   0.9058   1.2219   0.9709   0.4451   0.4132   0.3983   0.4116   0.7852   7.0753   2.0766 
  DB STEP 289   LABELS   7.3368  0.0000 
 0.5290   0.6700   0.6217   0.6177   0.8703   0.8931   2.1989   18.2826   0.7404   9.1858   1.8632   2.1866   2.2377   15.1999   1.8164   0.7645   0.8782   0.7036   0.7188   0.8073   0.8632   1.4830   1.4592   9.5402   5.8450   2.5495 
  DB STEP 290   LABELS   6.7490  -2.2975 
 0.5368   0.9076   1.0258   0.8582   0.6434   0.6564   5.7934   46.5611   2.3471   7.5701   1.6745   2.1138   2.1049   13.2875   2.1156   1.0539   0.6240   0.4400   0.7011   0.5563   0.7461   0.8057   1.2722   1.2100   5.8616   2.5195 
  DB STEP 291   LABELS   5.0056  0.0000 
 0.3107   0.4048   0.7310   0.8970   2.4421   4.5718   10.7128   38.4162   2.2046   1.7394   1.4113   1.6127   2.1535   10.9339   2.6074   1.6226   0.8524   0.7829   0.7143   0.4256   0.3545   0.4113   0.6010   0.9892   5.9042   2.4685 
  DB STEP 292   LABELS   6.8576  0.0000 
 0.7577   0.8870   0.9530   1.2640   4.3964   3.8136   13.0024   24.8752   2.0313   1.3108   1.2443   1.4891   1.9053   1.2372   8.8356   1.6641   1.1562   0.7357   0.6993   0.6645   0.7651   0.4687   0.4312   0.4309   5.9376   2.4384 
  DB STEP 293   LABELS   -2.6786  0.0000 
 0.6673   0.7857   1.1452   1.1206   0.7284   0.7048   0.7659   0.8430   2.2083   3.9320   3.8084   2.0497   4.3183   1.5694   1.7743   1.0428   0.9378   1.1862   1.3092   1.6370   1.1838   1.4877   1.6595   1.3768   5.7033   0.4800 
  DB STEP 294   LABELS   7.4503  0.0000 
 0.7516   0.6873   1.0096   1.1799   0.9507   0.6206   0.6568   0.6200   0.6957   1.0584   3.0906   4.1561   3.2457   7.2212   1.3957   1.3932   1.6419   1.3332   0.9100   1.2181   1.3792   1.1514   0.9508   1.1417   5.5369   0.5534 
  DB STEP 295   LABELS   2.9465  2.2797 
 0.7399   0.9157   1.0283   0.6857   0.5869   0.5680   0.5003   0.5781   0.7172   2.0591   2.7441   4.0852   3.1576   1.7615   1.1888   1.2419   1.3493   1.5467   1.1622   2.0771   1.2340   1.3496   1.0476   1.0022   5.3928   0.5349 
  DB STEP 296   LABELS   7.1199  0.0000 
 0.8298   0.8253   0.6032   0.5413   0.4493   0.4681   0.5144   0.5939   1.3496   2.6500   2.5350   4.0287   2.9592   1.8401   0.9663   1.0932   1.0633   1.3866   1.3855   1.1599   1.5350   1.2271   1.3780   1.0599   5.2364   0.5136 
  DB STEP 297   LABELS   9.4434  0.0000 
 0.7630   0.6045   0.6337   0.6280   0.5051   0.4856   0.5220   1.4524   2.4657   2.4890   2.3768   3.8986   2.8121   2.0185   0.8301   0.8299   0.9964   0.8957   1.3668   1.2529   1.1907   1.1772   1.2692   1.6757   5.0049   0.4829 
  DB STEP 298   LABELS   7.5589  0.0000 
 0.7502   0.7015   0.6730   0.7763   0.6671   0.4515   1.4175   3.4715   2.5318   2.2090   2.0851   2.1093   1.9219   3.1362   3.6065   2.0976   2.2672   11.1421   0.6639   0.5743   1.2731   1.5454   1.1876   1.4564   4.6929   0.5896 
  DB STEP 299   LABELS   9.0985  0.0000 
 0.8974   0.8415   0.4177   0.6465   0.8433   1.9113   5.0805   3.1496   2.2433   1.9786   1.8675   1.9464   1.7276   2.7995   3.4667   2.4088   2.0692   12.7545   4.7801   0.6908   0.6032   0.7720   1.6053   1.2856   4.4198   0.5740 
  DB STEP 300   LABELS   5.7384  0.0000 
 1.0608   0.6337   0.8840   0.6980   1.3337   0.8501   2.2417   5.8679   3.4293   2.4166   1.8112   1.6094   1.7024   1.6772   1.4578   2.6332   3.2193   2.7620   1.8413   1.7465   27.2233   1.0123   1.4231   0.6889   4.1505   0.6542 
  DB STEP 301   LABELS   -0.5424  -23.0790 
 1.1301   1.0321   1.2593   1.3232   0.9173   1.4030   2.2325   4.4647   4.1354   2.1272   1.6368   1.4224   1.2947   1.2374   1.3719   1.2282   1.7891   3.0430   3.1418   2.0575   1.5174   15.2467   5.6183   1.1393   3.9067   0.7205 
  DB STEP 302   LABELS   6.8942  0.0000 
 1.2228   1.4190   1.2567   0.9525   1.2853   1.6020   2.7314   4.8540   8.5810   1.7723   1.3705   1.2033   1.0775   1.0521   1.2309   1.0264   1.1221   2.1529   3.0294   2.6891   1.6917   1.5002   1.9767   1.2755   3.6346   0.7289 
  DB STEP 303   LABELS   7.8377  2.3001 
 1.3250   1.1541   1.2420   1.2823   1.4890   2.0942   3.0925   4.9769   5.0599   1.4168   1.1096   0.9591   0.8626   0.9895   0.8217   1.0746   0.8388   0.9923   2.3789   3.0642   2.0287   1.5720   1.6819   1.8584   3.4460   0.7342 
  DB STEP 304   LABELS   7.8905  -2.4871 
 1.2694   1.3672   1.2762   1.3720   1.6043   2.5291   3.5187   8.3929   4.4233   1.1543   0.9531   0.7691   0.6941   0.8424   0.6711   0.9474   0.8426   0.7727   0.8571   2.8595   2.5121   1.7736   1.6142   2.1054   3.2649   0.7413 
  DB STEP 305   LABELS   1.3651  2.3236 
 3.1134   2.0420   1.6757   1.4933   1.5983   1.6929   2.0969   2.5295   1.3232   2.2129   2.1128   2.8332   3.4187   1.2821   0.8032   1.1313   1.2110   1.3715   1.0702   1.2407   1.4175   1.9614   2.2073   2.0470   4.6098   2.8213 
  DB STEP 306   LABELS   5.2066  0.0000 
 3.0502   3.1828   1.9083   1.8222   1.4482   1.5723   1.8242   1.9183   1.0093   1.2803   11.4551   1.9850   19.8181   3.3605   2.9153   1.4187   1.2890   1.3193   1.3649   1.2922   0.9715   1.2468   1.5572   2.2776   4.7321   2.8392 
  DB STEP 307   LABELS   1.0424  -13.3079 
 3.1712   3.0531   1.7018   1.4309   1.6058   1.4337   2.0886   1.1882   0.8673   1.4831   1.8354   1.7844   16.9530   3.1067   2.7973   2.6490   1.0269   1.1847   1.1974   1.1918   1.2402   0.8652   1.1319   1.9696   4.8501   2.8617 
  DB STEP 308   LABELS   7.2890  2.2975 
 3.3124   1.9464   1.5875   1.6765   1.3516   1.9270   0.9186   0.7169   0.9057   1.5257   1.8619   1.5661   14.1437   2.9140   2.6491   2.5327   2.2119   0.9193   0.7630   1.1454   1.2001   1.3258   0.9535   1.4676   4.9710   2.8316 
  DB STEP 309   LABELS   7.6015  0.0000 
 2.5315   1.7678   1.6855   1.3660   1.3603   0.6518   0.5942   0.8131   1.4405   1.3756   1.6073   1.3933   7.2733   2.6807   2.5244   2.4266   2.3868   1.7478   0.8860   1.0765   0.5946   1.2061   1.3656   0.9961   5.1006   2.8017 
  DB STEP 310   LABELS   9.4566  0.0000 
 1.8300   1.7228   1.4721   0.7494   0.5285   0.5361   0.9246   1.9948   1.1440   1.5186   1.2881   1.2040   1.7146   2.4378   2.4136   2.2523   2.1541   2.5281   1.6390   0.8298   0.9138   1.0313   0.7639   1.0768   5.2950   2.7633 
  DB STEP 311   LABELS   7.2971  0.0000 
 1.0054   1.0023   1.4116   1.3234   1.1494   0.9028   0.9783   1.5048   1.6492   2.3999   1.9060   1.7944   1.7805   2.1298   2.3548   0.9747   0.8310   0.6529   0.7161   1.0461   1.0724   0.7922   1.1477   1.3367   5.7112   2.4817 
  DB STEP 312   LABELS   7.3368  0.0000 
 1.0980   1.4855   1.3607   1.1044   0.8506   0.9017   1.6919   1.3963   4.6391   2.1412   1.6384   1.6136   1.5793   1.8062   9.5227   1.0040   0.7756   0.6731   0.8991   0.6080   0.7255   1.0382   0.6863   0.8765   5.8939   2.4801 
  DB STEP 313   LABELS   6.8176  0.0000 
 1.5419   1.4413   0.9585   0.8497   0.8647   1.6493   1.4813   6.8568   2.1482   1.7970   1.3930   1.4353   1.3929   1.4673   10.5781   2.2678   0.7700   0.6688   0.6098   0.7587   0.5609   0.6933   0.6501   0.7937   6.1719   2.4809 
  DB STEP 314   LABELS   6.9241  -2.1825 
 1.5687   0.9814   0.8716   0.9278   1.8191   1.3414   1.2391   4.5892   1.9164   1.3751   1.1975   1.2595   1.1610   1.1638   14.3104   2.9947   1.7058   0.6591   0.6028   0.5758   0.5820   0.5990   0.5764   1.1539   6.3064   2.4758 
  DB STEP 315   LABELS   7.2423  0.0000 
 1.0375   0.9264   1.1163   1.9857   1.4072   1.2397   5.5500   1.8607   1.5400   1.0353   1.0032   1.0846   0.9576   0.8712   7.1743   16.0176   3.0116   17.8643   0.5938   0.5657   0.5620   0.6076   0.6414   0.6722   6.5834   2.4745 
  DB STEP 316   LABELS   7.4339  0.0000 
 1.0301   1.0540   1.5275   1.5238   1.3270   1.4428   1.7875   1.5448   0.9950   0.8263   0.8233   0.9214   0.7792   0.6647   1.0330   29.1411   2.9382   21.3987   3.4517   0.7936   0.5627   0.5938   0.8694   0.8783   6.7662   2.4743 
  DB STEP 317   LABELS   4.8593  0.0000 
 4.5042   2.1230   1.3095   0.7799   0.7401   0.7033   0.5592   0.4051   0.3694   0.5534   1.5956   28.9214   2.7751   3.6971   13.1119   3.4135   1.9727   1.2096   0.8533   0.3787   0.4436   0.8097   0.8460   1.1292   7.0085   2.2156 
  DB STEP 318   LABELS   8.2614  -2.6041 
 2.7991   1.4979   0.7978   0.5700   0.3273   0.2440   0.2574   0.5144   0.5015   0.9307   1.4418   30.0898   2.5998   2.1473   7.2090   9.7732   1.7868   1.7222   1.6003   1.2973   0.8425   0.5753   0.6314   0.9647   7.2317   2.2362 
  DB STEP 319   LABELS   7.4176  0.0000 
 0.6702   0.5164   0.3604   0.6153   0.6753   0.8787   1.2279   1.6925   1.8755   2.3084   1.9902   3.5991   4.6741   1.3802   1.6472   1.0242   0.7258   0.9568   0.7725   1.1689   1.0380   0.6877   2.1030   2.7023   7.3799   1.9757 
  DB STEP 320   LABELS   -1.4420  2.4544 
 0.4737   0.5591   0.6321   0.6143   0.8439   1.3902   1.3132   4.1126   1.8271   2.1959   4.4727   5.6678   7.5914   1.9827   1.4287   1.3803   0.7974   0.6307   0.7480   1.0509   0.6995   1.0494   1.1013   1.2237   7.4473   2.0096 
  DB STEP 321   LABELS   7.6909  2.2571 
 0.6920   0.6317   0.6620   1.3577   1.2449   1.3280   1.2434   1.6986   2.1416   1.6150   2.0783   6.7446   6.5958   1.0685   4.0965   1.3398   0.7490   0.5994   0.6423   1.1460   1.0148   0.8163   1.2216   2.5116   7.5149   1.9984 
  DB STEP 322   LABELS   0.2595  -24.2926 
 1.6157   1.3321   1.2523   1.6533   1.6775   2.0853   1.5260   11.1061   17.5283   4.6810   0.9230   0.7881   1.2139   0.9291   1.1598   0.4732   0.4118   0.3790   0.3606   0.6708   0.9950   0.6808   1.8159   2.6706   7.4761   1.7891 
  DB STEP 323   LABELS   -1.5965  0.0000 
 1.5050   1.2690   1.7327   1.6033   2.0198   1.6072   6.8783   30.3920   4.2655   1.3017   0.6319   0.8935   0.9329   0.7759   1.2121   0.6620   0.3503   0.3267   0.3166   0.3180   0.3275   0.7505   0.6714   1.1719   7.4665   1.8098 
  DB STEP 324   LABELS   6.8875  -2.1710 
 0.9091   0.9924   17.6424   24.1783   1.7218   2.4409   2.7859   23.9026   1.1225   0.9244   0.9882   0.8917   0.8852   1.5722   1.4224   0.9879   1.6684   1.3001   1.8381   1.7499   1.3351   8.4671   2.4063   2.7185   7.5820   2.8821 
  DB STEP 325   LABELS   -1.6180  0.0000 
 2.5053   2.7678   14.1072   1.0589   0.8885   0.9396   1.0662   1.4603   1.3106   1.2394   0.8791   1.0787   1.4644   1.1336   1.7363   1.6584   1.2426   1.4689   2.5338   2.8039   3.2690   1.0819   0.8207   1.0401   7.7106   2.5692 
  DB STEP 326   LABELS   4.9091  6.5968 
 2.5418   2.8934   1.3282   0.8955   0.9267   0.9428   1.0562   1.4124   1.2226   1.1161   0.7231   1.0991   1.3932   1.0023   1.6561   1.6760   1.2272   1.2741   2.2520   2.7475   3.4113   1.7023   0.7900   1.0152   7.8351   2.5718 
  DB STEP 327   LABELS   0.0000  0.0000 
 